10 

3 

75 

0.4430 0.8451	1.2473  

0 3.5 10.5 15 23 24 27.5 34.5 39 47 48  

1.2473 0.8451 1.2473 0.4430 0.8451 1.2473 0.8451 1.2473 0.4430 0.8451 

0.03 0.95 0.4 0.94 0.34 0.13 0.36 0.39 0.05 1.07 0.91 0.58 0.36 0.28 0.3 0.25 0.32 0.23 0.71 1.04 0.29 0.89 0.48 0.01 0.37 0.98 0.5 0.96 0.54 0.23 0.04 0.78 1.01 1.04 0.56 0.77 0.03 0.41 0.8 0.22 0.58 0.4 0.69 0.51 0.65 0.5 0.25 0.16 0.16 0.44 0.01 0.09 0.95 0.61 0.45 0.4 0.16 0.97 0.83 0.38 0.11 0.06 0.11 1.08 0.31 0.14 0.61 0.09 0.9 0.09 0.37 0.78 0.7 0.35 0.54

0.15 4.4 1.85 4.35 1.55 0.6 1.65 1.8 0.25 4.95 4.2 2.7 1.65 1.3 1.4 1.15 1.5 1.05 3.3 4.8 1.35 4.1 2.2 0.05 1.7 4.55 2.3 4.45 2.5 1.05 0.2 3.6 4.65 4.8 2.6 3.55 0.15 1.9 3.7 1.0 2.7 1.85 3.2 2.35 3.0 2.3 1.15 0.75 0.75 2.05 0.05 0.4 4.4 2.8 2.1 1.85 0.75 4.5 3.85 1.75 0.5 0.3 0.5 5.0 1.45 0.65 2.8 0.4 4.15 0.4 1.7 3.6 3.25 1.6 2.5

