10 

3 

100 

0.4430 0.8451	1.2473  

0 3.5 10.5 15 23 24 27.5 34.5 39 47 48  

1.2473 0.8451 1.2473 0.4430 0.8451 1.2473 0.8451 1.2473 0.4430 0.8451 

0.35 0.36 0.01 0.03 0.35 0.52 0.73 0.51 0.26 0.03 0.52 0.16 0.57 0.3 0.67 0.37 0.44 0.29 0.36 0.66 0.55 0.27 0.45 0.12 0.12 0.21 0.33 0.19 0.44 0.18 0.32 0.7 0.42 0.51 0.29 0.37 0.6 0.35 0.2 0.06 0.16 0.09 0.28 0.72 0.3 0.33 0.34 0.03 0.45 0.66 0.33 0.1 0.72 0.23 0.38 0.57 0.6 0.63 0.2 0.01 0.72 0.34 0.42 0.08 0.2 0.45 0.01 0.1 0.17 0.11 0.66 0.43 0.19 0.33 0.03 0.44 0.64 0.64 0.38 0.25 0.33 0.35 0.51 0.48 0.05 0.67 0.16 0.71 0.75 0.16 0.73 0.45 0.11 0.31 0.22 0.53 0.72 0.6 0.12 0.12

2.35 2.4 0.05 0.2 2.35 3.45 4.85 3.4 1.75 0.2 3.45 1.05 3.8 2.0 4.45 2.45 2.9 1.9 2.4 4.35 3.65 1.8 2.95 0.8 0.8 1.4 2.2 1.25 2.9 1.2 2.1 4.65 2.8 3.4 1.9 2.45 4.0 2.35 1.3 0.4 1.05 0.6 1.85 4.75 2.0 2.2 2.25 0.2 2.95 4.4 2.2 0.65 4.8 1.5 2.5 3.8 4.0 4.15 1.3 0.05 4.75 2.25 2.8 0.55 1.35 3.0 0.05 0.65 1.1 0.7 4.35 2.85 1.25 2.2 0.2 2.9 4.25 4.25 2.55 1.65 2.2 2.3 3.35 3.2 0.35 4.45 1.05 4.7 4.95 1.05 4.85 3.0 0.75 2.05 1.45 3.5 4.8 4.0 0.8 0.8

