10 

3 

50 

0.4430 0.8451	1.2473  

0 3.5 10.5 15 23 24 27.5 34.5 39 47 48  

1.2473 0.8451 1.2473 0.4430 0.8451 1.2473 0.8451 1.2473 0.4430 0.8451 

0.88 1.15 0.23 1.28 1.1 1.35 0.69 1.21 0.06 0.76 1.38 0.29 0.43 0.84 0.61 0.1 1.24 0.33 0.36 0.04 0.71 0.03 0.88 0.81 0.39 0.84 0.99 0.88 0.79 0.45 1.41 1.01 0.2 1.21 1.33 0.39 0.2 1.01 0.89 0.76 0.36 0.59 0.48 1.07 1.2 0.91 0.29 0.26 0.45 0.89

3.05 4.0 0.8 4.45 3.8 4.7 2.4 4.2 0.2 2.65 4.8 1.0 1.5 2.9 2.1 0.35 4.3 1.15 1.25 0.15 2.45 0.1 3.05 2.8 1.35 2.9 3.45 3.05 2.75 1.55 4.9 3.5 0.7 4.2 4.6 1.35 0.7 3.5 3.1 2.65 1.25 2.05 1.65 3.7 4.15 3.15 1.0 0.9 1.55 3.1

