10 

3 

100 

0.4430 0.8451	1.2473  

0 3.5 10.5 15 23 24 27.5 34.5 39 47 48  

1.2473 0.8451 1.2473 0.4430 0.8451 1.2473 0.8451 1.2473 0.4430 0.8451 

0.46 0.49 0.24 0.59 0.38 0.32 0.5 0.53 0.24 0.5 0.46 0.4 0.31 0.19 0.35 0.42 0.03 0.54 0.25 0.08 0.61 0.61 0.66 0.05 0.6 0.42 0.3 0.23 0.13 0.37 0.26 0.05 0.65 0.27 0.49 0.25 0.22 0.3 0.51 0.52 0.35 0.4 0.44 0.33 0.1 0.32 0.05 0.42 0.46 0.16 0.35 0.6 0.5 0.08 0.03 0.41 0.55 0.53 0.35 0.46 0.12 0.55 0.31 0.02 0.24 0.27 0.66 0.19 0.28 0.65 0.45 0.08 0.61 0.53 0.67 0.11 0.68 0.63 0.13 0.35 0.63 0.33 0.01 0.16 0.1 0.55 0.3 0.42 0.4 0.03 0.29 0.18 0.38 0.05 0.6 0.61 0.58 0.5 0.24 0.38

3.35 3.6 1.75 4.3 2.75 2.35 3.65 3.85 1.75 3.65 3.4 2.95 2.25 1.4 2.6 3.1 0.25 3.95 1.85 0.6 4.5 4.5 4.85 0.35 4.4 3.05 2.2 1.7 0.95 2.7 1.9 0.4 4.8 2.0 3.6 1.85 1.6 2.2 3.75 3.8 2.55 2.95 3.25 2.45 0.75 2.35 0.4 3.1 3.35 1.15 2.6 4.4 3.7 0.6 0.25 3.0 4.05 3.9 2.6 3.35 0.9 4.05 2.25 0.15 1.75 1.95 4.85 1.4 2.05 4.75 3.3 0.6 4.5 3.85 4.9 0.8 5.0 4.6 0.95 2.6 4.6 2.45 0.1 1.2 0.7 4.05 2.2 3.1 2.95 0.25 2.15 1.3 2.75 0.4 4.4 4.5 4.25 3.7 1.75 2.75

