10 

3 

75 

0.4430 0.8451	1.2473  

0 3.5 10.5 15 23 24 27.5 34.5 39 47 48  

1.2473 0.8451 1.2473 0.4430 0.8451 1.2473 0.8451 1.2473 0.4430 0.8451 

0.02 0.82 0.45 0.23 0.13 0.77 0.89 0.8 0.14 0.4 0.17 0.35 0.04 0.62 0.33 0.37 0.9 0.37 0.43 0.86 0.86 0.9 0.03 0.41 0.71 0.69 0.58 0.44 0.73 0.13 0.68 0.13 0.73 0.77 0.41 0.06 0.6 0.83 0.67 0.5 0.5 0.14 0.24 0.16 0.7 0.43 0.28 0.63 0.87 0.29 0.48 0.7 0.5 0.18 0.46 0.01 0.1 0.75 0.43 0.04 0.62 0.49 0.66 0.65 0.5 0.8 0.73 0.8 0.11 0.44 0.51 0.43 0.49 0.23 0.72

0.1 4.55 2.5 1.3 0.7 4.3 4.95 4.45 0.75 2.2 0.95 1.95 0.2 3.45 1.85 2.05 5.0 2.05 2.4 4.8 4.75 5.0 0.15 2.25 3.95 3.85 3.2 2.45 4.05 0.7 3.75 0.7 4.05 4.25 2.3 0.35 3.35 4.6 3.7 2.75 2.8 0.8 1.35 0.9 3.9 2.4 1.55 3.5 4.85 1.6 2.65 3.9 2.8 1.0 2.55 0.05 0.55 4.15 2.4 0.2 3.45 2.7 3.65 3.6 2.75 4.45 4.05 4.45 0.6 2.45 2.85 2.4 2.7 1.25 4.0

