10 

3 

50 

0.4430 0.8451	1.2473  

0 3.5 10.5 15 23 24 27.5 34.5 39 47 48  

1.2473 0.8451 1.2473 0.4430 0.8451 1.2473 0.8451 1.2473 0.4430 0.8451 

0.33 0.56 0.86 0.25 0.15 0.23 1.14 1.22 0.99 1.29 0.73 0.92 0.84 0.53 1.07 0.32 0.48 0.78 0.97 0.53 0.84 0.73 1.06 0.69 0.73 1.22 0.85 0.6 1.07 1.18 0.34 0.93 0.64 0.03 0.25 1.1 0.74 0.12 1.22 0.5 0.5 1.05 0.09 1.09 0.15 0.48 0.97 0.82 1.03 0.8

1.25 2.1 3.25 0.95 0.55 0.85 4.3 4.6 3.75 4.85 2.75 3.45 3.15 2.0 4.05 1.2 1.8 2.95 3.65 2.0 3.15 2.75 4.0 2.6 2.75 4.6 3.2 2.25 4.05 4.45 1.3 3.5 2.4 0.1 0.95 4.15 2.8 0.45 4.6 1.9 1.9 3.95 0.35 4.1 0.55 1.8 3.65 3.1 3.9 3.0

