10 

3 

75 

0.4430 0.8451	1.2473  

0 3.5 10.5 15 23 24 27.5 34.5 39 47 48  

1.2473 0.8451 1.2473 0.4430 0.8451 1.2473 0.8451 1.2473 0.4430 0.8451 

0.06 0.46 0.63 0.52 0.38 0.14 0.02 0.45 0.48 0.17 0.93 0.94 0.91 0.11 0.28 0.15 0.15 0.43 0.21 0.64 0.23 0.05 0.33 0.45 0.82 0.7 0.32 0.9 0.35 0.03 0.81 0.55 0.45 0.43 0.67 0.53 0.61 0.58 0.45 0.46 0.36 0.91 0.41 0.38 0.49 0.66 0.36 0.58 0.5 0.36 0.03 0.67 0.01 0.35 0.71 0.62 0.64 0.2 0.25 0.71 0.66 0.54 0.43 0.83 0.82 0.59 0.41 0.21 0.34 0.84 0.24 0.83 0.64 0.74 1.0

0.3 2.3 3.15 2.6 1.9 0.7 0.1 2.25 2.4 0.85 4.65 4.7 4.55 0.55 1.4 0.75 0.75 2.15 1.05 3.2 1.15 0.25 1.65 2.25 4.1 3.5 1.6 4.5 1.75 0.15 4.05 2.75 2.25 2.15 3.35 2.65 3.05 2.9 2.25 2.3 1.8 4.55 2.05 1.9 2.45 3.3 1.8 2.9 2.5 1.8 0.15 3.35 0.05 1.75 3.55 3.1 3.2 1.0 1.25 3.55 3.3 2.7 2.15 4.15 4.1 2.95 2.05 1.05 1.7 4.2 1.2 4.15 3.2 3.7 5.0

