10 

3 

100 

0.4430 0.8451	1.2473  

0 3.5 10.5 15 23 24 27.5 34.5 39 47 48  

1.2473 0.8451 1.2473 0.4430 0.8451 1.2473 0.8451 1.2473 0.4430 0.8451 

0.56 0.41 0.3 0.6 0.47 0.09 0.39 0.61 0.13 0.5 0.66 0.47 0.71 0.55 0.24 0.34 0.39 0.38 0.51 0.33 0.33 0.3 0.04 0.38 0.48 0.6 0.11 0.56 0.71 0.38 0.42 0.61 0.36 0.01 0.4 0.39 0.25 0.28 0.44 0.33 0.55 0.49 0.2 0.25 0.72 0.11 0.31 0.5 0.01 0.47 0.37 0.15 0.44 0.33 0.67 0.35 0.31 0.41 0.6 0.56 0.63 0.67 0.12 0.23 0.39 0.04 0.01 0.24 0.67 0.12 0.04 0.64 0.2 0.01 0.23 0.04 0.68 0.37 0.15 0.58 0.2 0.1 0.37 0.31 0.39 0.16 0.32 0.32 0.1 0.19 0.38 0.2 0.15 0.5 0.31 0.71 0.31 0.25 0.11 0.72

3.85 2.8 2.05 4.15 3.25 0.65 2.7 4.2 0.9 3.45 4.5 3.2 4.9 3.75 1.65 2.3 2.65 2.6 3.5 2.25 2.25 2.05 0.3 2.6 3.3 4.1 0.75 3.85 4.85 2.6 2.9 4.2 2.5 0.1 2.75 2.65 1.75 1.9 3.05 2.25 3.8 3.35 1.35 1.75 4.95 0.75 2.1 3.45 0.05 3.2 2.55 1.0 3.05 2.25 4.6 2.4 2.15 2.8 4.15 3.85 4.3 4.6 0.85 1.6 2.7 0.25 0.1 1.65 4.6 0.8 0.25 4.4 1.4 0.05 1.6 0.3 4.65 2.55 1.05 4.0 1.4 0.7 2.55 2.1 2.65 1.1 2.2 2.2 0.7 1.3 2.6 1.4 1.0 3.45 2.1 4.85 2.15 1.75 0.75 4.95

