10 

3 

100 

0.4430 0.8451	1.2473  

0 3.5 10.5 15 23 24 27.5 34.5 39 47 48  

1.2473 0.8451 1.2473 0.4430 0.8451 1.2473 0.8451 1.2473 0.4430 0.8451 

0.51 0.17 0.52 0.14 0.52 0.62 0.39 0.12 0.15 0.43 0.36 0.1 0.58 0.4 0.55 0.67 0.09 0.39 0.48 0.39 0.08 0.7 0.14 0.14 0.11 0.65 0.18 0.37 0.29 0.48 0.7 0.24 0.01 0.7 0.45 0.39 0.14 0.42 0.24 0.45 0.01 0.14 0.22 0.15 0.32 0.45 0.5 0.45 0.35 0.12 0.17 0.29 0.46 0.44 0.44 0.53 0.63 0.43 0.02 0.36 0.07 0.35 0.71 0.47 0.29 0.35 0.69 0.45 0.15 0.04 0.18 0.45 0.41 0.11 0.16 0.55 0.52 0.17 0.07 0.07 0.48 0.51 0.02 0.32 0.44 0.41 0.5 0.32 0.29 0.7 0.53 0.5 0.19 0.68 0.38 0.44 0.68 0.68 0.7 0.06

3.55 1.15 3.6 1.0 3.6 4.3 2.7 0.85 1.05 3.0 2.5 0.7 4.0 2.75 3.8 4.65 0.6 2.7 3.35 2.7 0.55 4.85 0.95 1.0 0.75 4.55 1.25 2.6 2.05 3.35 4.85 1.65 0.1 4.9 3.1 2.7 0.95 2.95 1.65 3.1 0.05 0.95 1.55 1.05 2.25 3.1 3.45 3.15 2.45 0.8 1.2 2.0 3.2 3.05 3.05 3.7 4.4 3.0 0.15 2.5 0.5 2.4 4.95 3.25 2.0 2.45 4.8 3.1 1.05 0.3 1.25 3.1 2.85 0.75 1.1 3.85 3.65 1.2 0.5 0.5 3.35 3.55 0.15 2.25 3.05 2.85 3.5 2.25 2.0 4.9 3.7 3.5 1.3 4.7 2.65 3.05 4.7 4.7 4.85 0.4

