10 

3 

75 

0.4430 0.8451	1.2473  

0 3.5 10.5 15 23 24 27.5 34.5 39 47 48  

1.2473 0.8451 1.2473 0.4430 0.8451 1.2473 0.8451 1.2473 0.4430 0.8451 

0.12 0.64 0.63 0.09 0.85 0.43 0.58 0.86 0.09 0.29 0.13 0.68 0.74 0.36 0.62 0.75 0.56 0.76 0.24 0.02 0.39 0.18 0.79 0.65 0.38 0.68 0.78 0.45 0.62 0.3 0.07 0.51 0.72 0.39 0.68 0.26 0.78 0.3 0.64 0.54 0.25 0.69 0.83 0.41 0.13 0.4 0.5 0.86 0.14 0.78 0.24 0.32 0.85 0.25 0.72 0.8 0.37 0.2 0.34 0.23 0.66 0.29 0.51 0.57 0.18 0.54 0.52 0.81 0.48 0.35 0.59 0.53 0.45 0.49 0.16

0.7 3.6 3.55 0.5 4.75 2.4 3.25 4.85 0.5 1.65 0.75 3.8 4.15 2.0 3.5 4.2 3.15 4.25 1.35 0.1 2.2 1.0 4.45 3.65 2.15 3.8 4.35 2.5 3.5 1.7 0.4 2.85 4.05 2.2 3.8 1.45 4.4 1.7 3.6 3.05 1.4 3.85 4.65 2.3 0.75 2.25 2.8 4.85 0.8 4.35 1.35 1.8 4.75 1.4 4.05 4.5 2.05 1.1 1.9 1.3 3.7 1.6 2.85 3.2 1.0 3.0 2.9 4.55 2.7 1.95 3.3 2.95 2.5 2.75 0.9

