10 

3 

100 

0.4430 0.8451	1.2473  

0 3.5 10.5 15 23 24 27.5 34.5 39 47 48  

1.2473 0.8451 1.2473 0.4430 0.8451 1.2473 0.8451 1.2473 0.4430 0.8451 

0.46 0.37 0.49 0.2 0.58 0.43 0.19 0.51 0.34 0.62 0.13 0.02 0.39 0.11 0.19 0.19 0.06 0.49 0.36 0.68 0.04 0.05 0.35 0.17 0.36 0.05 0.48 0.49 0.19 0.2 0.34 0.1 0.28 0.63 0.54 0.45 0.27 0.61 0.72 0.09 0.14 0.22 0.24 0.02 0.09 0.22 0.1 0.56 0.7 0.4 0.37 0.44 0.42 0.62 0.68 0.71 0.52 0.31 0.22 0.13 0.46 0.13 0.57 0.16 0.43 0.51 0.67 0.19 0.25 0.1 0.26 0.55 0.19 0.31 0.69 0.29 0.16 0.4 0.71 0.5 0.65 0.57 0.14 0.13 0.57 0.37 0.19 0.55 0.02 0.13 0.72 0.33 0.25 0.54 0.58 0.6 0.69 0.44 0.17 0.45

3.1 2.45 3.3 1.35 3.9 2.9 1.3 3.45 2.3 4.15 0.9 0.15 2.6 0.75 1.3 1.3 0.4 3.3 2.4 4.55 0.3 0.35 2.35 1.15 2.4 0.35 3.25 3.3 1.25 1.35 2.3 0.7 1.85 4.2 3.65 3.0 1.8 4.1 4.8 0.6 0.95 1.45 1.6 0.15 0.6 1.45 0.7 3.75 4.7 2.7 2.45 2.95 2.8 4.15 4.55 4.75 3.5 2.1 1.5 0.9 3.1 0.85 3.8 1.05 2.9 3.45 4.5 1.3 1.7 0.65 1.75 3.7 1.3 2.1 4.6 1.95 1.1 2.7 4.75 3.35 4.35 3.85 0.95 0.85 3.85 2.45 1.25 3.7 0.15 0.9 4.8 2.2 1.65 3.65 3.9 4.05 4.65 2.95 1.15 3.0

