10 

3 

100 

0.4430 0.8451	1.2473  

0 3.5 10.5 15 23 24 27.5 34.5 39 47 48  

1.2473 0.8451 1.2473 0.4430 0.8451 1.2473 0.8451 1.2473 0.4430 0.8451 

0.55 0.08 0.53 0.3 0.28 0.32 0.04 0.59 0.66 0.09 0.55 0.25 0.63 0.31 0.03 0.39 0.38 0.28 0.06 0.09 0.47 0.63 0.42 0.11 0.65 0.59 0.29 0.41 0.63 0.11 0.58 0.14 0.26 0.34 0.09 0.62 0.41 0.27 0.07 0.51 0.66 0.6 0.2 0.15 0.59 0.06 0.44 0.07 0.5 0.6 0.65 0.04 0.31 0.67 0.47 0.18 0.57 0.36 0.05 0.57 0.66 0.33 0.44 0.31 0.04 0.55 0.56 0.3 0.2 0.26 0.55 0.04 0.38 0.54 0.43 0.22 0.62 0.56 0.64 0.04 0.1 0.26 0.44 0.61 0.06 0.04 0.37 0.57 0.56 0.5 0.55 0.52 0.08 0.19 0.13 0.06 0.38 0.29 0.39 0.53

3.95 0.6 3.8 2.15 2.0 2.25 0.25 4.2 4.7 0.65 3.9 1.75 4.5 2.2 0.2 2.8 2.7 2.0 0.4 0.65 3.35 4.5 3.0 0.75 4.65 4.2 2.1 2.95 4.5 0.75 4.15 1.0 1.85 2.4 0.65 4.4 2.95 1.9 0.5 3.65 4.7 4.25 1.4 1.05 4.2 0.45 3.15 0.5 3.6 4.3 4.65 0.3 2.2 4.75 3.35 1.25 4.05 2.55 0.35 4.05 4.7 2.35 3.15 2.2 0.3 3.95 4.0 2.15 1.45 1.85 3.9 0.3 2.7 3.85 3.05 1.6 4.4 4.0 4.55 0.25 0.7 1.85 3.15 4.35 0.4 0.3 2.65 4.05 4.0 3.55 3.9 3.7 0.55 1.35 0.95 0.45 2.7 2.1 2.8 3.75

