10 

3 

50 

0.4430 0.8451	1.2473  

0 3.5 10.5 15 23 24 27.5 34.5 39 47 48  

1.2473 0.8451 1.2473 0.4430 0.8451 1.2473 0.8451 1.2473 0.4430 0.8451 

0.18 0.61 1.19 0.8 0.43 0.82 1.24 0.14 0.97 0.41 0.6 0.97 0.97 0.18 0.14 0.55 1.15 0.78 1.28 0.37 0.2 0.18 1.34 0.04 1.19 0.93 0.09 0.68 1.27 1.26 1.04 1.18 0.18 0.23 1.07 0.85 0.22 1.05 0.5 1.27 0.97 1.12 0.24 0.81 0.01 0.57 1.27 0.34 0.99 1.12

0.65 2.25 4.4 2.95 1.6 3.05 4.6 0.5 3.6 1.5 2.2 3.6 3.6 0.65 0.5 2.05 4.25 2.9 4.75 1.35 0.75 0.65 4.95 0.15 4.4 3.45 0.35 2.5 4.7 4.65 3.85 4.35 0.65 0.85 3.95 3.15 0.8 3.9 1.85 4.7 3.6 4.15 0.9 3.0 0.05 2.1 4.7 1.25 3.65 4.15

