10 

3 

75 

0.4430 0.8451	1.2473  

0 3.5 10.5 15 23 24 27.5 34.5 39 47 48  

1.2473 0.8451 1.2473 0.4430 0.8451 1.2473 0.8451 1.2473 0.4430 0.8451 

0.31 0.31 0.21 0.3 0.71 0.2 0.64 0.44 0.4 0.01 0.25 1.04 0.24 0.55 0.97 0.22 0.5 0.34 0.67 0.77 0.03 0.68 0.51 0.55 0.34 1.04 0.85 0.54 0.46 0.86 0.22 0.87 0.16 0.58 0.48 0.11 0.24 0.94 0.59 0.71 0.3 0.04 0.19 0.15 0.3 0.46 0.52 0.46 0.4 0.68 0.84 0.96 0.56 0.53 0.55 0.84 0.42 0.5 0.17 0.02 0.71 0.31 0.06 0.17 0.38 0.1 0.17 0.9 0.2 0.4 1.01 0.88 1.03 0.55 0.37

1.45 1.45 1.0 1.4 3.35 0.95 3.0 2.05 1.9 0.05 1.2 4.9 1.15 2.6 4.55 1.05 2.35 1.6 3.15 3.65 0.15 3.2 2.4 2.6 1.6 4.9 4.0 2.55 2.15 4.05 1.05 4.1 0.75 2.75 2.25 0.5 1.15 4.45 2.8 3.35 1.4 0.2 0.9 0.7 1.4 2.15 2.45 2.15 1.9 3.2 3.95 4.5 2.65 2.5 2.6 3.95 2.0 2.35 0.8 0.1 3.35 1.45 0.3 0.8 1.8 0.45 0.8 4.25 0.95 1.9 4.75 4.15 4.85 2.6 1.75

