10 

3 

100 

0.4430 0.8451	1.2473  

0 3.5 10.5 15 23 24 27.5 34.5 39 47 48  

1.2473 0.8451 1.2473 0.4430 0.8451 1.2473 0.8451 1.2473 0.4430 0.8451 

0.58 0.11 0.48 0.2 0.12 0.38 0.33 0.12 0.44 0.08 0.57 0.35 0.48 0.15 0.17 0.66 0.33 0.07 0.06 0.63 0.31 0.08 0.58 0.07 0.59 0.08 0.48 0.43 0.29 0.51 0.33 0.13 0.67 0.01 0.58 0.66 0.57 0.51 0.22 0.53 0.41 0.27 0.58 0.12 0.38 0.7 0.06 0.7 0.06 0.09 0.56 0.08 0.61 0.37 0.6 0.51 0.1 0.62 0.37 0.38 0.43 0.25 0.67 0.27 0.04 0.45 0.56 0.72 0.19 0.09 0.08 0.54 0.04 0.09 0.59 0.39 0.38 0.1 0.09 0.43 0.2 0.49 0.41 0.25 0.65 0.68 0.61 0.38 0.49 0.14 0.51 0.23 0.24 0.02 0.21 0.22 0.71 0.56 0.61 0.44

4.0 0.75 3.3 1.4 0.85 2.65 2.3 0.85 3.05 0.55 3.95 2.45 3.3 1.05 1.15 4.6 2.3 0.5 0.45 4.35 2.15 0.55 4.0 0.5 4.1 0.55 3.35 3.0 2.0 3.55 2.3 0.9 4.65 0.05 4.0 4.55 3.95 3.5 1.5 3.65 2.85 1.85 4.05 0.8 2.65 4.85 0.4 4.85 0.45 0.65 3.85 0.55 4.2 2.55 4.15 3.5 0.7 4.3 2.55 2.6 2.95 1.7 4.65 1.9 0.3 3.1 3.9 5.0 1.3 0.65 0.55 3.75 0.3 0.65 4.1 2.7 2.65 0.7 0.65 3.0 1.4 3.4 2.85 1.75 4.5 4.7 4.25 2.65 3.4 1.0 3.55 1.6 1.65 0.15 1.45 1.55 4.95 3.85 4.25 3.05

