10 

3 

75 

0.4430 0.8451	1.2473  

0 3.5 10.5 15 23 24 27.5 34.5 39 47 48  

1.2473 0.8451 1.2473 0.4430 0.8451 1.2473 0.8451 1.2473 0.4430 0.8451 

0.26 0.61 0.6 0.64 0.04 0.75 0.24 0.93 0.73 0.63 0.7 0.6 0.71 0.22 0.06 0.26 0.86 0.45 0.16 0.17 0.84 0.21 0.46 0.69 0.87 0.05 0.59 0.63 0.95 0.61 0.45 0.91 0.75 0.01 0.85 0.5 0.02 0.4 0.56 0.08 0.28 0.48 0.03 0.14 0.19 0.03 0.78 0.89 0.44 0.88 0.94 0.63 0.12 0.04 0.53 0.56 0.88 0.42 0.52 0.45 0.12 0.34 0.25 0.23 0.22 0.85 0.48 0.46 0.72 0.49 0.49 0.83 0.5 0.28 0.49

1.35 3.15 3.1 3.3 0.2 3.85 1.25 4.75 3.75 3.25 3.6 3.1 3.65 1.15 0.3 1.35 4.4 2.3 0.8 0.85 4.3 1.1 2.35 3.55 4.45 0.25 3.05 3.25 4.9 3.15 2.3 4.65 3.85 0.05 4.35 2.55 0.1 2.05 2.9 0.4 1.45 2.45 0.15 0.7 1.0 0.15 4.0 4.55 2.25 4.5 4.85 3.25 0.6 0.2 2.7 2.85 4.5 2.15 2.65 2.3 0.6 1.75 1.3 1.2 1.15 4.35 2.45 2.35 3.7 2.5 2.5 4.25 2.55 1.45 2.5

