10 

3 

75 

0.4430 0.8451	1.2473  

0 3.5 10.5 15 23 24 27.5 34.5 39 47 48  

1.2473 0.8451 1.2473 0.4430 0.8451 1.2473 0.8451 1.2473 0.4430 0.8451 

0.13 0.84 0.08 0.51 0.48 0.75 0.71 0.05 0.2 0.7 0.65 0.87 0.14 0.4 0.6 0.75 0.49 0.29 0.59 0.42 0.82 0.28 0.91 0.91 0.64 0.6 0.05 0.79 0.61 0.21 0.7 0.34 0.54 0.04 0.3 0.38 0.34 0.16 0.67 0.91 0.26 0.74 0.8 0.48 0.37 0.27 0.5 0.45 0.71 0.75 0.77 0.75 0.25 0.78 0.67 0.27 0.78 0.3 0.11 0.39 0.14 0.52 0.31 0.2 0.18 0.2 0.18 0.74 0.54 0.45 0.29 0.04 0.88 0.81 0.28

0.7 4.55 0.45 2.8 2.6 4.1 3.85 0.25 1.1 3.8 3.55 4.75 0.75 2.2 3.25 4.1 2.65 1.6 3.2 2.3 4.45 1.55 4.95 4.95 3.5 3.25 0.25 4.3 3.35 1.15 3.8 1.85 2.95 0.2 1.65 2.05 1.85 0.85 3.65 4.95 1.4 4.05 4.35 2.6 2.0 1.45 2.7 2.45 3.85 4.1 4.2 4.1 1.35 4.25 3.65 1.45 4.25 1.65 0.6 2.1 0.75 2.85 1.7 1.1 1.0 1.1 1.0 4.05 2.95 2.45 1.6 0.2 4.8 4.4 1.55

