10 

3 

50 

0.4430 0.8451	1.2473  

0 3.5 10.5 15 23 24 27.5 34.5 39 47 48  

1.2473 0.8451 1.2473 0.4430 0.8451 1.2473 0.8451 1.2473 0.4430 0.8451 

0.48 0.19 0.96 0.62 1.34 0.87 1.38 0.9 0.07 0.15 1.39 0.62 1.45 0.78 1.16 1.02 0.17 1.25 0.8 0.26 1.22 0.41 0.07 0.06 0.04 1.39 0.32 1.26 0.78 0.38 0.04 0.8 0.29 1.29 0.83 1.23 0.01 0.06 0.07 0.12 0.48 0.2 1.06 1.37 0.93 0.64 1.34 1.32 1.44 0.67

1.65 0.65 3.3 2.15 4.6 3.0 4.75 3.1 0.25 0.5 4.8 2.15 5.0 2.7 4.0 3.5 0.6 4.3 2.75 0.9 4.2 1.4 0.25 0.2 0.15 4.8 1.1 4.35 2.7 1.3 0.15 2.75 1.0 4.45 2.85 4.25 0.05 0.2 0.25 0.4 1.65 0.7 3.65 4.7 3.2 2.2 4.6 4.55 4.95 2.3

