10 

3 

100 

0.4430 0.8451	1.2473  

0 3.5 10.5 15 23 24 27.5 34.5 39 47 48  

1.2473 0.8451 1.2473 0.4430 0.8451 1.2473 0.8451 1.2473 0.4430 0.8451 

0.62 0.36 0.34 0.08 0.11 0.08 0.01 0.2 0.03 0.54 0.3 0.09 0.14 0.59 0.13 0.68 0.63 0.42 0.61 0.17 0.58 0.66 0.31 0.31 0.6 0.53 0.14 0.4 0.29 0.15 0.5 0.26 0.57 0.46 0.28 0.27 0.57 0.68 0.31 0.43 0.59 0.16 0.44 0.26 0.24 0.4 0.56 0.34 0.65 0.4 0.56 0.29 0.09 0.62 0.27 0.1 0.59 0.32 0.4 0.21 0.47 0.38 0.13 0.61 0.43 0.23 0.63 0.48 0.55 0.25 0.18 0.59 0.42 0.64 0.62 0.34 0.66 0.03 0.66 0.21 0.23 0.08 0.08 0.06 0.61 0.08 0.22 0.63 0.57 0.1 0.66 0.06 0.31 0.36 0.33 0.21 0.12 0.27 0.51 0.08

4.55 2.6 2.5 0.55 0.8 0.55 0.05 1.45 0.2 3.95 2.2 0.65 1.05 4.3 0.95 5.0 4.6 3.05 4.45 1.25 4.25 4.85 2.25 2.3 4.35 3.9 1.05 2.95 2.1 1.1 3.65 1.9 4.15 3.35 2.05 2.0 4.15 5.0 2.3 3.15 4.3 1.2 3.25 1.9 1.75 2.95 4.1 2.45 4.75 2.9 4.1 2.1 0.65 4.55 1.95 0.7 4.3 2.35 2.9 1.5 3.4 2.75 0.95 4.45 3.15 1.7 4.6 3.5 4.0 1.8 1.3 4.3 3.1 4.7 4.55 2.5 4.85 0.25 4.85 1.5 1.65 0.6 0.6 0.45 4.45 0.6 1.6 4.6 4.15 0.75 4.85 0.45 2.25 2.65 2.4 1.55 0.85 2.0 3.75 0.55

