10 

3 

100 

0.4430 0.8451	1.2473  

0 3.5 10.5 15 23 24 27.5 34.5 39 47 48  

1.2473 0.8451 1.2473 0.4430 0.8451 1.2473 0.8451 1.2473 0.4430 0.8451 

0.51 0.5 0.3 0.2 0.6 0.08 0.34 0.08 0.03 0.65 0.34 0.57 0.31 0.45 0.63 0.57 0.45 0.61 0.63 0.61 0.63 0.22 0.67 0.63 0.03 0.35 0.67 0.44 0.26 0.47 0.32 0.24 0.34 0.26 0.2 0.13 0.18 0.45 0.31 0.33 0.1 0.42 0.63 0.34 0.2 0.64 0.52 0.51 0.27 0.62 0.24 0.27 0.32 0.22 0.39 0.44 0.5 0.28 0.59 0.08 0.01 0.29 0.1 0.55 0.4 0.08 0.21 0.34 0.03 0.43 0.2 0.36 0.45 0.25 0.5 0.2 0.38 0.4 0.25 0.09 0.67 0.53 0.3 0.16 0.65 0.42 0.48 0.01 0.07 0.55 0.11 0.45 0.61 0.26 0.42 0.4 0.05 0.3 0.28 0.6

3.75 3.7 2.2 1.45 4.45 0.6 2.55 0.6 0.2 4.8 2.55 4.2 2.3 3.35 4.7 4.2 3.35 4.5 4.7 4.55 4.65 1.65 4.95 4.7 0.2 2.6 4.95 3.25 1.95 3.5 2.35 1.8 2.5 1.95 1.5 1.0 1.3 3.35 2.3 2.45 0.75 3.15 4.65 2.5 1.45 4.75 3.85 3.75 2.0 4.6 1.75 2.0 2.35 1.65 2.9 3.25 3.7 2.1 4.35 0.6 0.05 2.15 0.75 4.05 3.0 0.6 1.55 2.5 0.2 3.2 1.45 2.7 3.3 1.85 3.7 1.5 2.8 3.0 1.85 0.65 5.0 3.9 2.2 1.2 4.85 3.15 3.55 0.1 0.5 4.1 0.8 3.35 4.55 1.95 3.1 2.95 0.4 2.25 2.05 4.45

