10 

3 

75 

0.4430 0.8451	1.2473  

0 3.5 10.5 15 23 24 27.5 34.5 39 47 48  

1.2473 0.8451 1.2473 0.4430 0.8451 1.2473 0.8451 1.2473 0.4430 0.8451 

0.41 0.86 0.87 0.87 0.71 0.82 0.74 0.86 0.02 0.06 0.08 0.47 0.47 0.58 0.06 0.9 0.74 0.15 0.13 0.17 0.02 0.88 0.13 0.32 0.87 0.24 0.53 0.35 0.63 0.47 0.3 0.22 0.13 0.55 0.31 0.23 0.2 0.35 0.77 0.79 0.66 0.16 0.22 0.48 0.27 0.05 0.47 0.3 0.32 0.75 0.85 0.13 0.8 0.77 0.72 0.74 0.22 0.71 0.74 0.65 0.61 0.84 0.26 0.32 0.66 0.65 0.37 0.05 0.5 0.28 0.88 0.62 0.07 0.81 0.82

2.3 4.8 4.85 4.85 3.95 4.55 4.1 4.8 0.1 0.35 0.45 2.6 2.6 3.25 0.35 5.0 4.1 0.85 0.75 0.95 0.1 4.9 0.7 1.8 4.85 1.35 2.95 1.95 3.5 2.6 1.7 1.2 0.7 3.05 1.75 1.3 1.1 1.95 4.3 4.4 3.7 0.9 1.2 2.65 1.5 0.3 2.6 1.7 1.8 4.2 4.75 0.75 4.45 4.3 4.0 4.15 1.2 3.95 4.15 3.6 3.4 4.7 1.45 1.8 3.7 3.6 2.05 0.3 2.8 1.55 4.9 3.45 0.4 4.5 4.6

