10 

3 

75 

0.4430 0.8451	1.2473  

0 3.5 10.5 15 23 24 27.5 34.5 39 47 48  

1.2473 0.8451 1.2473 0.4430 0.8451 1.2473 0.8451 1.2473 0.4430 0.8451 

0.31 0.78 0.48 0.12 0.06 0.3 0.43 0.12 0.55 0.96 0.25 0.77 0.73 0.74 0.81 0.29 0.81 0.16 0.41 0.87 0.07 0.34 0.95 0.59 0.52 0.17 0.81 0.45 0.84 0.06 0.08 0.89 0.44 0.85 0.44 0.06 0.21 0.58 0.56 0.55 0.64 0.73 0.93 0.82 0.66 0.64 0.45 0.81 0.68 0.2 0.65 0.29 0.61 0.46 0.28 0.85 0.88 0.27 0.51 0.21 0.03 0.26 0.78 0.44 0.32 0.34 0.21 0.94 0.02 0.05 0.63 0.39 0.24 0.13 0.22

1.6 4.05 2.5 0.6 0.3 1.55 2.2 0.6 2.85 4.95 1.3 4.0 3.75 3.85 4.2 1.5 4.2 0.85 2.1 4.5 0.35 1.75 4.9 3.05 2.7 0.9 4.2 2.35 4.35 0.3 0.4 4.6 2.3 4.4 2.25 0.3 1.1 3.0 2.9 2.85 3.3 3.75 4.8 4.25 3.4 3.3 2.35 4.2 3.5 1.05 3.35 1.5 3.15 2.4 1.45 4.4 4.55 1.4 2.65 1.1 0.15 1.35 4.05 2.3 1.65 1.75 1.1 4.85 0.1 0.25 3.25 2.0 1.25 0.65 1.15

