10 

3 

50 

0.4430 0.8451	1.2473  

0 3.5 10.5 15 23 24 27.5 34.5 39 47 48  

1.2473 0.8451 1.2473 0.4430 0.8451 1.2473 0.8451 1.2473 0.4430 0.8451 

0.15 0.35 1.32 0.03 0.71 1.4 0.12 0.35 0.79 0.74 0.02 0.97 1.44 0.79 0.82 1.17 0.38 1.11 0.53 1.15 0.52 0.62 0.14 1.41 1.12 0.79 1.14 0.27 0.93 1.4 0.93 0.65 1.27 0.23 0.41 0.12 1.0 0.42 0.71 0.24 1.34 0.26 1.29 0.05 1.46 0.49 0.74 0.49 0.49 0.74

0.5 1.15 4.35 0.1 2.35 4.6 0.4 1.15 2.6 2.45 0.05 3.2 4.75 2.6 2.7 3.85 1.25 3.65 1.75 3.8 1.7 2.05 0.45 4.65 3.7 2.6 3.75 0.9 3.05 4.6 3.05 2.15 4.2 0.75 1.35 0.4 3.3 1.4 2.35 0.8 4.4 0.85 4.25 0.15 4.8 1.6 2.45 1.6 1.6 2.45

