10 

3 

100 

0.4430 0.8451	1.2473  

0 3.5 10.5 15 23 24 27.5 34.5 39 47 48  

1.2473 0.8451 1.2473 0.4430 0.8451 1.2473 0.8451 1.2473 0.4430 0.8451 

0.12 0.4 0.6 0.03 0.09 0.62 0.45 0.57 0.02 0.58 0.22 0.19 0.33 0.41 0.5 0.41 0.25 0.45 0.16 0.5 0.5 0.5 0.54 0.16 0.17 0.45 0.09 0.34 0.09 0.17 0.35 0.67 0.17 0.31 0.12 0.16 0.55 0.39 0.62 0.02 0.06 0.6 0.35 0.4 0.69 0.19 0.56 0.43 0.5 0.28 0.62 0.55 0.19 0.31 0.32 0.04 0.28 0.61 0.48 0.53 0.37 0.13 0.58 0.2 0.24 0.19 0.68 0.3 0.27 0.13 0.38 0.27 0.28 0.32 0.17 0.5 0.66 0.07 0.46 0.54 0.43 0.41 0.61 0.25 0.03 0.24 0.28 0.57 0.61 0.2 0.01 0.37 0.37 0.56 0.15 0.68 0.59 0.37 0.71 0.61

0.8 2.75 4.15 0.2 0.65 4.3 3.1 3.95 0.15 4.05 1.55 1.3 2.3 2.85 3.5 2.85 1.7 3.1 1.1 3.45 3.5 3.45 3.75 1.1 1.15 3.1 0.6 2.35 0.6 1.2 2.45 4.65 1.2 2.15 0.8 1.1 3.8 2.7 4.3 0.15 0.4 4.15 2.45 2.8 4.8 1.3 3.9 2.95 3.45 1.95 4.3 3.8 1.3 2.15 2.25 0.25 1.95 4.2 3.3 3.7 2.55 0.9 4.0 1.4 1.65 1.3 4.7 2.1 1.85 0.9 2.65 1.85 1.95 2.2 1.2 3.5 4.55 0.5 3.2 3.75 2.95 2.85 4.2 1.7 0.2 1.65 1.95 3.95 4.2 1.4 0.1 2.55 2.6 3.85 1.05 4.75 4.1 2.55 4.9 4.2

