10 

3 

100 

0.4430 0.8451	1.2473  

0 3.5 10.5 15 23 24 27.5 34.5 39 47 48  

1.2473 0.8451 1.2473 0.4430 0.8451 1.2473 0.8451 1.2473 0.4430 0.8451 

0.21 0.34 0.54 0.53 0.31 0.47 0.18 0.59 0.34 0.34 0.18 0.58 0.41 0.66 0.54 0.39 0.6 0.22 0.51 0.09 0.36 0.13 0.35 0.67 0.05 0.24 0.39 0.58 0.16 0.26 0.02 0.6 0.11 0.29 0.61 0.5 0.26 0.57 0.17 0.01 0.39 0.1 0.59 0.16 0.55 0.12 0.55 0.31 0.51 0.55 0.28 0.47 0.13 0.2 0.18 0.65 0.29 0.32 0.5 0.04 0.01 0.53 0.63 0.45 0.57 0.1 0.33 0.59 0.18 0.56 0.61 0.36 0.09 0.21 0.6 0.46 0.57 0.18 0.04 0.2 0.45 0.38 0.47 0.59 0.25 0.34 0.34 0.64 0.1 0.49 0.59 0.05 0.53 0.33 0.51 0.07 0.41 0.65 0.2 0.07

1.55 2.55 4.0 3.95 2.3 3.5 1.35 4.4 2.5 2.5 1.3 4.3 3.05 4.9 4.0 2.9 4.45 1.6 3.75 0.65 2.65 0.95 2.6 5.0 0.4 1.8 2.9 4.3 1.2 1.9 0.15 4.45 0.85 2.15 4.5 3.7 1.95 4.2 1.25 0.05 2.9 0.75 4.4 1.2 4.05 0.9 4.05 2.3 3.75 4.1 2.05 3.45 0.95 1.45 1.35 4.8 2.15 2.35 3.7 0.3 0.1 3.95 4.7 3.3 4.25 0.75 2.45 4.35 1.35 4.15 4.5 2.65 0.65 1.55 4.45 3.4 4.25 1.35 0.3 1.5 3.35 2.8 3.45 4.35 1.85 2.55 2.55 4.75 0.75 3.65 4.4 0.4 3.95 2.45 3.8 0.55 3.05 4.85 1.5 0.5

