10 

3 

50 

0.4430 0.8451	1.2473  

0 3.5 10.5 15 23 24 27.5 34.5 39 47 48  

1.2473 0.8451 1.2473 0.4430 0.8451 1.2473 0.8451 1.2473 0.4430 0.8451 

0.41 1.18 1.29 0.23 1.13 1.26 1.31 0.16 0.62 1.35 1.2 1.32 0.96 0.67 0.44 1.11 0.29 0.99 0.12 0.12 1.17 0.66 0.65 1.1 1.07 1.28 0.76 0.77 0.41 0.67 0.49 0.93 0.01 0.45 1.32 0.25 0.3 0.45 1.33 0.16 0.22 0.38 0.55 0.67 0.81 0.77 1.07 0.51 0.27 0.3

1.5 4.3 4.7 0.85 4.1 4.6 4.75 0.6 2.25 4.9 4.35 4.8 3.5 2.45 1.6 4.05 1.05 3.6 0.45 0.45 4.25 2.4 2.35 4.0 3.9 4.65 2.75 2.8 1.5 2.45 1.8 3.4 0.05 1.65 4.8 0.9 1.1 1.65 4.85 0.6 0.8 1.4 2.0 2.45 2.95 2.8 3.9 1.85 1.0 1.1

