10 

3 

75 

0.4430 0.8451	1.2473  

0 3.5 10.5 15 23 24 27.5 34.5 39 47 48  

1.2473 0.8451 1.2473 0.4430 0.8451 1.2473 0.8451 1.2473 0.4430 0.8451 

0.9 0.41 0.11 0.56 0.79 0.02 0.06 0.31 0.01 0.3 0.19 0.52 0.95 0.8 0.15 0.68 0.09 0.56 0.9 0.66 0.91 0.2 0.65 0.78 0.1 0.76 0.4 0.2 0.77 0.66 0.87 0.52 0.44 0.51 0.75 0.94 0.17 0.98 0.05 0.56 0.75 0.08 0.86 0.04 0.49 0.7 0.48 0.64 0.06 0.47 0.95 0.9 0.39 0.09 0.06 0.72 0.71 0.72 0.94 0.01 0.33 0.13 0.24 0.27 0.56 0.74 0.35 0.04 0.17 0.41 0.77 0.28 0.32 0.87 0.26

4.55 2.05 0.55 2.85 4.0 0.1 0.3 1.55 0.05 1.5 0.95 2.6 4.8 4.05 0.75 3.45 0.45 2.85 4.55 3.35 4.6 1.0 3.3 3.95 0.5 3.85 2.0 1.0 3.9 3.35 4.4 2.6 2.2 2.55 3.8 4.75 0.85 4.95 0.25 2.85 3.8 0.4 4.35 0.2 2.45 3.55 2.4 3.25 0.3 2.35 4.8 4.55 1.95 0.45 0.3 3.65 3.6 3.65 4.75 0.05 1.65 0.65 1.2 1.35 2.85 3.75 1.75 0.2 0.85 2.05 3.9 1.4 1.6 4.4 1.3

