10 

3 

50 

0.4430 0.8451	1.2473  

0 3.5 10.5 15 23 24 27.5 34.5 39 47 48  

1.2473 0.8451 1.2473 0.4430 0.8451 1.2473 0.8451 1.2473 0.4430 0.8451 

0.39 0.39 0.08 0.22 0.07 0.98 1.04 0.74 1.16 0.57 0.55 1.06 0.04 1.28 1.23 1.18 0.37 1.19 0.18 0.74 0.71 1.18 0.73 0.18 1.19 0.13 0.31 0.95 0.94 0.93 0.24 0.93 0.65 0.9 0.54 0.69 1.06 0.87 1.02 0.87 0.03 0.85 1.23 0.73 0.84 0.29 1.18 0.07 1.1 1.23

1.5 1.5 0.3 0.85 0.25 3.75 4.0 2.85 4.45 2.2 2.1 4.05 0.15 4.9 4.7 4.5 1.4 4.55 0.7 2.85 2.7 4.5 2.8 0.7 4.55 0.5 1.2 3.65 3.6 3.55 0.9 3.55 2.5 3.45 2.05 2.65 4.05 3.35 3.9 3.35 0.1 3.25 4.7 2.8 3.2 1.1 4.5 0.25 4.2 4.7

