10 

3 

100 

0.4430 0.8451	1.2473  

0 3.5 10.5 15 23 24 27.5 34.5 39 47 48  

1.2473 0.8451 1.2473 0.4430 0.8451 1.2473 0.8451 1.2473 0.4430 0.8451 

0.55 0.07 0.64 0.61 0.61 0.01 0.2 0.31 0.72 0.62 0.15 0.7 0.38 0.28 0.61 0.47 0.06 0.15 0.16 0.27 0.17 0.13 0.07 0.58 0.15 0.5 0.41 0.07 0.28 0.03 0.23 0.15 0.51 0.34 0.42 0.72 0.39 0.01 0.46 0.61 0.63 0.25 0.17 0.55 0.03 0.44 0.38 0.33 0.01 0.25 0.71 0.49 0.44 0.01 0.2 0.35 0.59 0.25 0.38 0.62 0.58 0.07 0.47 0.69 0.29 0.03 0.56 0.06 0.39 0.69 0.5 0.23 0.4 0.66 0.64 0.21 0.01 0.02 0.47 0.01 0.27 0.45 0.51 0.46 0.69 0.66 0.02 0.06 0.12 0.33 0.65 0.59 0.6 0.72 0.01 0.33 0.18 0.35 0.66 0.53

3.75 0.45 4.35 4.15 4.2 0.05 1.35 2.15 4.9 4.25 1.0 4.8 2.6 1.9 4.2 3.2 0.4 1.05 1.1 1.85 1.15 0.9 0.45 3.95 1.0 3.4 2.8 0.5 1.9 0.2 1.6 1.05 3.5 2.3 2.85 4.95 2.65 0.05 3.15 4.15 4.3 1.7 1.15 3.8 0.2 3.0 2.6 2.25 0.1 1.7 4.85 3.35 3.0 0.1 1.35 2.4 4.05 1.7 2.6 4.25 4.0 0.45 3.25 4.75 2.0 0.2 3.85 0.4 2.7 4.7 3.45 1.6 2.75 4.5 4.35 1.45 0.05 0.15 3.2 0.1 1.85 3.05 3.5 3.15 4.7 4.5 0.15 0.4 0.85 2.25 4.45 4.05 4.1 4.95 0.05 2.25 1.2 2.4 4.5 3.65

