10 

3 

75 

0.4430 0.8451	1.2473  

0 3.5 10.5 15 23 24 27.5 34.5 39 47 48  

1.2473 0.8451 1.2473 0.4430 0.8451 1.2473 0.8451 1.2473 0.4430 0.8451 

0.24 0.01 0.28 0.36 0.09 0.72 0.48 0.75 0.37 0.58 0.19 0.36 0.62 0.48 0.86 0.75 0.62 0.64 0.92 0.82 0.87 0.14 0.7 0.62 0.52 0.36 0.34 0.27 0.9 0.67 0.78 0.28 0.94 0.44 0.43 0.4 0.81 0.52 0.33 0.23 0.61 0.52 0.16 0.24 0.46 0.78 0.74 0.81 0.21 0.4 0.68 0.76 0.49 0.05 0.74 0.23 0.62 0.01 0.2 0.08 0.68 0.59 0.18 0.38 0.61 0.61 0.08 0.37 0.11 0.44 0.27 0.79 0.25 0.63 0.57

1.25 0.05 1.5 1.9 0.5 3.8 2.55 3.95 1.95 3.05 1.0 1.9 3.25 2.55 4.55 3.95 3.25 3.4 4.85 4.35 4.6 0.75 3.7 3.25 2.75 1.9 1.8 1.45 4.75 3.55 4.1 1.5 4.95 2.3 2.25 2.1 4.3 2.75 1.75 1.2 3.2 2.75 0.85 1.25 2.45 4.1 3.9 4.3 1.1 2.1 3.6 4.0 2.6 0.25 3.9 1.2 3.25 0.05 1.05 0.4 3.6 3.1 0.95 2.0 3.2 3.2 0.4 1.95 0.6 2.3 1.45 4.15 1.3 3.3 3.0

