10 

3 

100 

0.4430 0.8451	1.2473  

0 3.5 10.5 15 23 24 27.5 34.5 39 47 48  

1.2473 0.8451 1.2473 0.4430 0.8451 1.2473 0.8451 1.2473 0.4430 0.8451 

0.63 0.24 0.4 0.35 0.69 0.29 0.22 0.44 0.05 0.39 0.42 0.38 0.34 0.69 0.03 0.26 0.22 0.34 0.1 0.31 0.57 0.18 0.45 0.13 0.4 0.22 0.63 0.68 0.69 0.31 0.53 0.12 0.43 0.14 0.56 0.56 0.03 0.69 0.15 0.7 0.13 0.31 0.03 0.05 0.24 0.23 0.24 0.43 0.2 0.43 0.61 0.36 0.62 0.21 0.03 0.27 0.59 0.66 0.45 0.24 0.59 0.59 0.06 0.52 0.34 0.03 0.7 0.35 0.41 0.68 0.15 0.18 0.42 0.47 0.22 0.69 0.6 0.1 0.34 0.03 0.31 0.5 0.36 0.29 0.13 0.4 0.46 0.16 0.03 0.06 0.38 0.12 0.7 0.5 0.11 0.5 0.25 0.61 0.68 0.67

4.5 1.75 2.85 2.5 4.9 2.05 1.55 3.15 0.35 2.8 3.0 2.75 2.45 4.95 0.2 1.85 1.55 2.45 0.75 2.25 4.05 1.3 3.2 0.95 2.85 1.55 4.5 4.85 4.95 2.2 3.8 0.85 3.1 1.0 4.0 4.0 0.2 4.9 1.05 5.0 0.9 2.2 0.2 0.35 1.7 1.65 1.7 3.1 1.45 3.1 4.35 2.6 4.4 1.5 0.25 1.9 4.25 4.75 3.25 1.75 4.2 4.25 0.45 3.75 2.4 0.2 5.0 2.5 2.9 4.85 1.1 1.3 3.0 3.35 1.6 4.9 4.3 0.75 2.45 0.2 2.2 3.6 2.6 2.05 0.95 2.85 3.3 1.15 0.2 0.4 2.75 0.85 5.0 3.6 0.8 3.6 1.8 4.35 4.85 4.8

