10 

3 

50 

0.4430 0.8451	1.2473  

0 3.5 10.5 15 23 24 27.5 34.5 39 47 48  

1.2473 0.8451 1.2473 0.4430 0.8451 1.2473 0.8451 1.2473 0.4430 0.8451 

1.05 0.75 0.03 1.15 1.11 0.83 0.29 0.61 0.25 0.44 0.23 0.92 0.09 0.85 1.21 1.17 1.13 0.04 1.16 0.64 0.41 0.05 0.36 0.07 0.64 0.88 0.63 1.0 1.23 0.91 0.64 0.97 0.99 1.07 1.01 0.61 1.23 1.17 0.96 0.84 0.68 0.39 0.95 0.27 0.07 1.09 0.97 0.84 0.32 0.79

3.95 2.8 0.1 4.3 4.15 3.1 1.1 2.3 0.95 1.65 0.85 3.45 0.35 3.2 4.55 4.4 4.25 0.15 4.35 2.4 1.55 0.2 1.35 0.25 2.4 3.3 2.35 3.75 4.6 3.4 2.4 3.65 3.7 4.0 3.8 2.3 4.6 4.4 3.6 3.15 2.55 1.45 3.55 1.0 0.25 4.1 3.65 3.15 1.2 2.95

