10 

3 

50 

0.4430 0.8451	1.2473  

0 3.5 10.5 15 23 24 27.5 34.5 39 47 48  

1.2473 0.8451 1.2473 0.4430 0.8451 1.2473 0.8451 1.2473 0.4430 0.8451 

0.03 0.41 1.4 1.28 0.51 0.06 0.03 0.86 0.6 0.41 0.66 1.34 0.15 0.92 0.98 0.39 1.43 1.15 0.76 0.84 1.25 0.23 0.33 0.04 1.0 0.39 1.24 0.99 0.61 0.39 0.42 0.52 1.33 0.8 1.09 1.27 0.83 0.77 0.79 1.24 0.77 0.06 0.23 1.34 1.25 0.5 0.47 0.92 0.5 0.23

0.1 1.4 4.8 4.4 1.75 0.2 0.1 2.95 2.05 1.4 2.25 4.6 0.5 3.15 3.35 1.35 4.9 3.95 2.6 2.9 4.3 0.8 1.15 0.15 3.45 1.35 4.25 3.4 2.1 1.35 1.45 1.8 4.55 2.75 3.75 4.35 2.85 2.65 2.7 4.25 2.65 0.2 0.8 4.6 4.3 1.7 1.6 3.15 1.7 0.8

