10 

3 

50 

0.4430 0.8451	1.2473  

0 3.5 10.5 15 23 24 27.5 34.5 39 47 48  

1.2473 0.8451 1.2473 0.4430 0.8451 1.2473 0.8451 1.2473 0.4430 0.8451 

1.03 1.07 0.82 0.84 0.15 0.89 0.92 1.18 0.32 1.0 0.93 0.18 0.77 0.99 0.63 1.32 0.72 0.03 0.82 0.62 1.07 0.61 0.97 0.72 0.2 1.22 0.65 1.19 0.86 1.34 0.5 0.19 1.2 0.54 1.19 0.54 1.08 1.09 0.41 1.24 0.31 0.61 0.24 0.03 0.09 0.78 0.61 0.54 0.38 0.38

3.8 3.95 3.05 3.1 0.55 3.3 3.4 4.35 1.2 3.7 3.45 0.65 2.85 3.65 2.35 4.9 2.65 0.1 3.05 2.3 3.95 2.25 3.6 2.65 0.75 4.5 2.4 4.4 3.2 4.95 1.85 0.7 4.45 2.0 4.4 2.0 4.0 4.05 1.5 4.6 1.15 2.25 0.9 0.1 0.35 2.9 2.25 2.0 1.4 1.4

