10 

3 

75 

0.4430 0.8451	1.2473  

0 3.5 10.5 15 23 24 27.5 34.5 39 47 48  

1.2473 0.8451 1.2473 0.4430 0.8451 1.2473 0.8451 1.2473 0.4430 0.8451 

0.64 0.44 0.49 0.73 0.37 0.42 0.38 0.32 0.1 0.72 0.6 0.77 0.74 0.74 0.1 0.57 0.26 0.78 0.69 0.78 0.72 0.3 0.76 0.24 0.75 0.74 0.51 0.03 0.77 0.81 0.33 0.34 0.16 0.64 0.15 0.86 0.73 0.01 0.41 0.69 0.25 0.36 0.83 0.68 0.56 0.82 0.3 0.12 0.58 0.05 0.51 0.34 0.58 0.86 0.07 0.15 0.37 0.79 0.35 0.68 0.48 0.21 0.03 0.07 0.73 0.55 0.4 0.14 0.64 0.43 0.62 0.29 0.09 0.78 0.7

3.7 2.55 2.8 4.2 2.15 2.4 2.2 1.85 0.6 4.15 3.45 4.45 4.25 4.25 0.6 3.3 1.5 4.5 4.0 4.5 4.15 1.75 4.4 1.4 4.35 4.25 2.95 0.15 4.45 4.65 1.9 1.95 0.95 3.7 0.85 4.95 4.2 0.05 2.35 4.0 1.45 2.05 4.8 3.95 3.25 4.75 1.75 0.7 3.35 0.3 2.95 1.95 3.35 4.95 0.4 0.85 2.15 4.55 2.0 3.95 2.75 1.2 0.15 0.4 4.2 3.2 2.3 0.8 3.7 2.5 3.55 1.65 0.5 4.5 4.05

