10 

3 

75 

0.4430 0.8451	1.2473  

0 3.5 10.5 15 23 24 27.5 34.5 39 47 48  

1.2473 0.8451 1.2473 0.4430 0.8451 1.2473 0.8451 1.2473 0.4430 0.8451 

0.32 0.27 0.13 0.44 0.53 0.07 0.22 0.23 0.56 0.66 0.12 0.45 0.89 0.08 0.62 0.55 0.53 0.7 0.64 0.8 0.38 0.53 0.31 0.51 0.55 0.63 0.57 0.37 0.82 0.26 0.38 0.33 0.32 0.38 0.79 0.52 0.31 0.43 0.73 0.69 0.32 0.68 0.02 0.11 0.38 0.43 0.37 0.38 0.54 0.54 0.71 0.87 0.19 0.15 0.91 0.68 0.62 0.41 0.57 0.35 0.18 0.68 0.32 0.81 0.68 0.82 0.61 0.42 0.53 0.72 0.73 0.04 0.36 0.54 0.69

1.7 1.45 0.7 2.35 2.85 0.35 1.15 1.2 3.0 3.5 0.65 2.4 4.75 0.45 3.3 2.95 2.85 3.75 3.4 4.25 2.0 2.8 1.65 2.7 2.95 3.35 3.05 1.95 4.35 1.4 2.0 1.75 1.7 2.05 4.2 2.75 1.65 2.3 3.9 3.7 1.7 3.65 0.1 0.6 2.05 2.3 1.95 2.0 2.9 2.9 3.8 4.65 1.0 0.8 4.85 3.65 3.3 2.2 3.05 1.85 0.95 3.6 1.7 4.3 3.65 4.35 3.25 2.25 2.85 3.85 3.9 0.2 1.9 2.9 3.7

