10 

3 

50 

0.4430 0.8451	1.2473  

0 3.5 10.5 15 23 24 27.5 34.5 39 47 48  

1.2473 0.8451 1.2473 0.4430 0.8451 1.2473 0.8451 1.2473 0.4430 0.8451 

0.7 0.04 0.93 0.01 0.9 1.11 1.41 1.08 0.74 1.37 1.31 0.1 1.35 0.83 1.13 1.4 0.37 0.37 0.06 0.14 0.53 0.46 0.77 1.14 0.66 0.51 0.47 0.53 0.2 0.21 0.98 1.17 0.16 0.9 0.38 0.9 1.18 0.74 1.33 1.23 0.48 0.11 0.16 1.0 1.07 0.23 1.14 1.03 0.64 0.34

2.45 0.15 3.25 0.05 3.15 3.9 4.95 3.8 2.6 4.8 4.6 0.35 4.75 2.9 3.95 4.9 1.3 1.3 0.2 0.5 1.85 1.6 2.7 4.0 2.3 1.8 1.65 1.85 0.7 0.75 3.45 4.1 0.55 3.15 1.35 3.15 4.15 2.6 4.65 4.3 1.7 0.4 0.55 3.5 3.75 0.8 4.0 3.6 2.25 1.2

