10 

3 

75 

0.4430 0.8451	1.2473  

0 3.5 10.5 15 23 24 27.5 34.5 39 47 48  

1.2473 0.8451 1.2473 0.4430 0.8451 1.2473 0.8451 1.2473 0.4430 0.8451 

0.71 0.2 0.28 1.0 0.34 0.15 0.74 0.41 0.51 0.9 0.01 0.46 0.34 0.11 0.46 0.81 0.03 0.77 0.7 0.1 0.26 0.26 0.69 0.99 0.71 0.32 0.02 1.02 0.8 0.26 0.88 0.45 0.04 0.64 0.37 0.25 0.27 0.1 0.8 0.29 0.18 0.8 0.61 0.04 0.53 0.29 0.53 0.6 0.21 0.46 0.07 0.79 0.61 0.43 0.99 0.46 0.52 0.15 0.91 1.02 0.57 0.02 0.91 0.26 0.53 0.01 0.51 0.58 0.67 0.95 0.69 0.62 0.59 0.12 0.33

3.45 1.0 1.35 4.9 1.65 0.75 3.6 2.0 2.5 4.4 0.05 2.25 1.65 0.55 2.25 3.95 0.15 3.75 3.4 0.5 1.25 1.25 3.35 4.85 3.45 1.55 0.1 5.0 3.9 1.25 4.3 2.2 0.2 3.15 1.8 1.2 1.3 0.5 3.9 1.4 0.9 3.9 3.0 0.2 2.6 1.4 2.6 2.95 1.05 2.25 0.35 3.85 3.0 2.1 4.85 2.25 2.55 0.75 4.45 5.0 2.8 0.1 4.45 1.25 2.6 0.05 2.5 2.85 3.3 4.65 3.35 3.05 2.9 0.6 1.6

