10 

3 

75 

0.4430 0.8451	1.2473  

0 3.5 10.5 15 23 24 27.5 34.5 39 47 48  

1.2473 0.8451 1.2473 0.4430 0.8451 1.2473 0.8451 1.2473 0.4430 0.8451 

0.45 0.38 0.9 0.49 0.35 1.0 0.42 0.83 0.42 0.62 0.19 0.23 1.0 0.48 0.59 0.38 1.0 0.66 0.33 0.81 0.89 0.19 0.84 0.42 0.64 0.54 0.12 0.79 0.68 0.06 0.66 0.53 0.25 1.03 0.16 0.38 0.19 0.59 0.25 0.22 0.48 0.29 0.57 0.02 0.26 0.42 0.13 0.03 0.84 0.55 0.19 0.28 0.68 0.89 0.37 0.23 0.3 0.73 0.04 0.89 0.18 0.55 0.89 0.61 0.58 0.2 0.22 0.14 1.01 0.02 0.27 0.47 0.56 0.81 0.32

2.15 1.8 4.3 2.35 1.65 4.75 2.0 3.95 2.0 2.95 0.9 1.1 4.75 2.3 2.8 1.8 4.75 3.15 1.55 3.85 4.25 0.9 4.0 2.0 3.05 2.55 0.55 3.75 3.25 0.3 3.15 2.5 1.2 4.9 0.75 1.8 0.9 2.8 1.2 1.05 2.3 1.4 2.7 0.1 1.25 2.0 0.6 0.15 4.0 2.6 0.9 1.35 3.25 4.25 1.75 1.1 1.45 3.45 0.2 4.25 0.85 2.6 4.25 2.9 2.75 0.95 1.05 0.65 4.8 0.1 1.3 2.25 2.65 3.85 1.5

