10 

3 

75 

0.4430 0.8451	1.2473  

0 3.5 10.5 15 23 24 27.5 34.5 39 47 48  

1.2473 0.8451 1.2473 0.4430 0.8451 1.2473 0.8451 1.2473 0.4430 0.8451 

0.91 0.08 0.08 0.28 0.55 0.58 0.09 0.07 0.67 0.63 0.31 0.82 0.43 0.83 0.31 0.86 0.48 0.05 0.62 0.1 0.58 0.36 0.03 0.01 0.02 0.91 0.37 0.41 0.34 0.78 0.09 0.1 0.24 0.59 0.71 0.35 0.15 0.89 0.48 0.74 0.9 0.24 0.19 0.9 0.69 0.76 0.27 0.26 0.68 0.72 0.59 0.62 0.71 0.82 0.32 0.38 0.67 0.09 0.47 0.44 0.26 0.64 0.37 0.86 0.8 0.65 0.31 0.68 0.49 0.09 0.26 0.81 0.8 0.49 0.84

5.0 0.45 0.45 1.55 3.0 3.2 0.5 0.4 3.65 3.45 1.7 4.5 2.35 4.55 1.7 4.7 2.65 0.3 3.4 0.55 3.15 1.95 0.15 0.05 0.1 5.0 2.05 2.25 1.85 4.25 0.5 0.55 1.3 3.25 3.9 1.9 0.8 4.85 2.65 4.05 4.95 1.3 1.05 4.95 3.8 4.15 1.5 1.4 3.75 3.95 3.25 3.4 3.9 4.5 1.75 2.1 3.65 0.5 2.55 2.4 1.45 3.5 2.0 4.7 4.4 3.55 1.7 3.75 2.7 0.5 1.4 4.45 4.4 2.7 4.6

