10 

3 

75 

0.4430 0.8451	1.2473  

0 3.5 10.5 15 23 24 27.5 34.5 39 47 48  

1.2473 0.8451 1.2473 0.4430 0.8451 1.2473 0.8451 1.2473 0.4430 0.8451 

0.86 0.6 0.69 0.11 0.65 0.36 0.79 0.33 0.08 0.74 0.09 0.69 0.63 0.41 0.92 0.04 0.91 0.47 0.35 0.4 0.65 0.63 0.63 0.12 0.78 0.49 0.64 0.77 0.66 0.07 0.74 0.24 0.08 0.93 0.22 0.51 0.36 0.42 0.71 0.24 0.22 0.73 0.38 0.07 0.67 0.05 0.86 0.45 0.69 0.06 0.91 0.79 0.32 0.6 0.52 0.13 0.65 0.77 0.88 0.4 0.37 0.53 0.62 0.41 0.21 0.84 0.88 0.07 0.92 0.34 0.02 0.24 0.2 0.04 0.17

4.55 3.2 3.65 0.6 3.45 1.9 4.2 1.75 0.4 3.9 0.5 3.65 3.35 2.2 4.9 0.2 4.85 2.5 1.85 2.1 3.45 3.35 3.35 0.65 4.15 2.6 3.4 4.1 3.5 0.35 3.95 1.25 0.4 4.95 1.15 2.7 1.9 2.25 3.75 1.25 1.15 3.85 2.0 0.35 3.55 0.25 4.55 2.4 3.65 0.3 4.85 4.2 1.7 3.2 2.75 0.7 3.45 4.1 4.65 2.1 1.95 2.8 3.3 2.2 1.1 4.45 4.65 0.35 4.9 1.8 0.1 1.25 1.05 0.2 0.9

