10 

3 

50 

0.4430 0.8451	1.2473  

0 3.5 10.5 15 23 24 27.5 34.5 39 47 48  

1.2473 0.8451 1.2473 0.4430 0.8451 1.2473 0.8451 1.2473 0.4430 0.8451 

0.87 0.55 0.67 0.43 0.24 1.03 0.25 0.41 1.0 0.13 1.47 0.76 0.76 0.35 1.51 1.55 0.71 0.9 0.49 0.13 0.41 0.81 0.49 0.54 1.01 0.97 1.05 0.95 0.89 0.86 1.55 1.47 1.52 1.01 0.06 1.51 0.19 0.54 0.22 0.67 0.62 1.11 0.87 1.22 0.33 0.03 0.13 0.33 0.21 0.21

2.75 1.75 2.1 1.35 0.75 3.25 0.8 1.3 3.15 0.4 4.65 2.4 2.4 1.1 4.75 4.9 2.25 2.85 1.55 0.4 1.3 2.55 1.55 1.7 3.2 3.05 3.3 3.0 2.8 2.7 4.9 4.65 4.8 3.2 0.2 4.75 0.6 1.7 0.7 2.1 1.95 3.5 2.75 3.85 1.05 0.1 0.4 1.05 0.65 0.65

