10 

3 

100 

0.4430 0.8451	1.2473  

0 3.5 10.5 15 23 24 27.5 34.5 39 47 48  

1.2473 0.8451 1.2473 0.4430 0.8451 1.2473 0.8451 1.2473 0.4430 0.8451 

0.45 0.77 0.31 0.58 0.25 0.31 0.74 0.43 0.39 0.28 0.67 0.29 0.33 0.25 0.36 0.16 0.21 0.01 0.58 0.31 0.16 0.02 0.38 0.39 0.78 0.3 0.57 0.39 0.25 0.49 0.62 0.01 0.24 0.16 0.01 0.61 0.22 0.2 0.28 0.62 0.74 0.34 0.41 0.09 0.13 0.53 0.16 0.17 0.14 0.27 0.59 0.29 0.36 0.67 0.37 0.37 0.16 0.27 0.41 0.05 0.01 0.17 0.72 0.5 0.61 0.12 0.06 0.11 0.2 0.63 0.16 0.05 0.02 0.54 0.02 0.36 0.77 0.58 0.41 0.66 0.6 0.62 0.2 0.52 0.2 0.56 0.02 0.49 0.23 0.63 0.31 0.77 0.1 0.74 0.7 0.75 0.34 0.16 0.16 0.27

2.9 4.9 2.0 3.7 1.6 2.0 4.7 2.75 2.5 1.8 4.25 1.85 2.1 1.6 2.3 1.05 1.35 0.05 3.7 1.95 1.05 0.1 2.45 2.5 5.0 1.9 3.65 2.5 1.6 3.1 3.95 0.05 1.55 1.05 0.05 3.9 1.4 1.3 1.8 3.95 4.7 2.15 2.65 0.6 0.85 3.4 1.05 1.1 0.9 1.7 3.8 1.85 2.3 4.3 2.35 2.35 1.0 1.75 2.6 0.35 0.05 1.1 4.6 3.2 3.9 0.75 0.4 0.7 1.25 4.05 1.05 0.3 0.1 3.45 0.15 2.3 4.9 3.7 2.65 4.2 3.85 3.95 1.3 3.35 1.3 3.6 0.15 3.15 1.45 4.0 1.95 4.9 0.65 4.75 4.5 4.8 2.15 1.05 1.0 1.7

