10 

3 

50 

0.4430 0.8451	1.2473  

0 3.5 10.5 15 23 24 27.5 34.5 39 47 48  

1.2473 0.8451 1.2473 0.4430 0.8451 1.2473 0.8451 1.2473 0.4430 0.8451 

1.17 1.28 1.35 0.92 0.19 1.26 1.01 0.07 0.39 0.91 0.89 0.74 0.1 1.09 0.18 1.46 0.4 1.28 0.56 1.34 0.97 0.13 0.92 0.37 0.36 0.55 0.39 0.98 0.43 0.76 1.2 0.18 0.16 0.74 0.54 0.91 1.31 0.68 0.85 0.61 0.43 0.24 0.36 0.97 0.46 0.73 0.85 1.41 0.25 0.67

3.95 4.3 4.55 3.1 0.65 4.25 3.4 0.25 1.3 3.05 3.0 2.5 0.35 3.65 0.6 4.9 1.35 4.3 1.9 4.5 3.25 0.45 3.1 1.25 1.2 1.85 1.3 3.3 1.45 2.55 4.05 0.6 0.55 2.5 1.8 3.05 4.4 2.3 2.85 2.05 1.45 0.8 1.2 3.25 1.55 2.45 2.85 4.75 0.85 2.25

