10 

3 

100 

0.4430 0.8451	1.2473  

0 3.5 10.5 15 23 24 27.5 34.5 39 47 48  

1.2473 0.8451 1.2473 0.4430 0.8451 1.2473 0.8451 1.2473 0.4430 0.8451 

0.57 0.48 0.5 0.63 0.11 0.32 0.17 0.69 0.3 0.03 0.01 0.62 0.37 0.28 0.43 0.38 0.06 0.43 0.1 0.61 0.04 0.63 0.21 0.04 0.56 0.42 0.01 0.62 0.47 0.07 0.47 0.31 0.45 0.58 0.45 0.17 0.17 0.08 0.32 0.32 0.38 0.43 0.54 0.06 0.04 0.33 0.63 0.12 0.24 0.39 0.29 0.03 0.62 0.45 0.63 0.41 0.63 0.08 0.19 0.12 0.05 0.32 0.04 0.63 0.67 0.12 0.5 0.53 0.58 0.48 0.68 0.37 0.38 0.42 0.48 0.68 0.11 0.59 0.08 0.53 0.67 0.42 0.6 0.19 0.66 0.13 0.55 0.43 0.3 0.52 0.03 0.1 0.24 0.4 0.29 0.66 0.17 0.26 0.41 0.65

4.15 3.5 3.6 4.6 0.8 2.3 1.2 5.0 2.2 0.2 0.05 4.5 2.65 2.05 3.15 2.75 0.45 3.1 0.7 4.45 0.3 4.55 1.55 0.3 4.05 3.05 0.1 4.5 3.4 0.5 3.4 2.25 3.25 4.2 3.25 1.25 1.25 0.55 2.3 2.3 2.75 3.15 3.9 0.4 0.3 2.4 4.6 0.85 1.75 2.85 2.1 0.2 4.5 3.25 4.55 3.0 4.6 0.6 1.35 0.9 0.35 2.35 0.3 4.55 4.85 0.9 3.6 3.85 4.2 3.45 4.9 2.65 2.75 3.05 3.45 4.9 0.8 4.25 0.6 3.85 4.85 3.05 4.35 1.35 4.8 0.95 4.0 3.1 2.15 3.8 0.25 0.7 1.75 2.9 2.1 4.75 1.2 1.9 3.0 4.7

