10 

3 

100 

0.4430 0.8451	1.2473  

0 3.5 10.5 15 23 24 27.5 34.5 39 47 48  

1.2473 0.8451 1.2473 0.4430 0.8451 1.2473 0.8451 1.2473 0.4430 0.8451 

0.2 0.45 0.25 0.55 0.16 0.27 0.09 0.05 0.25 0.37 0.14 0.4 0.2 0.31 0.71 0.57 0.55 0.49 0.22 0.05 0.39 0.6 0.66 0.7 0.58 0.2 0.28 0.34 0.43 0.56 0.59 0.68 0.6 0.33 0.15 0.53 0.55 0.22 0.11 0.09 0.11 0.12 0.35 0.55 0.01 0.37 0.61 0.47 0.05 0.68 0.36 0.52 0.17 0.17 0.44 0.12 0.2 0.23 0.39 0.66 0.68 0.72 0.09 0.66 0.09 0.47 0.29 0.63 0.66 0.57 0.37 0.08 0.22 0.15 0.39 0.38 0.55 0.39 0.71 0.68 0.61 0.58 0.39 0.6 0.1 0.12 0.56 0.03 0.08 0.03 0.48 0.18 0.73 0.04 0.1 0.06 0.35 0.43 0.06 0.21

1.35 3.1 1.7 3.75 1.1 1.85 0.6 0.35 1.75 2.55 0.95 2.75 1.4 2.15 4.9 3.9 3.8 3.35 1.5 0.35 2.7 4.15 4.5 4.8 4.0 1.4 1.9 2.35 2.95 3.85 4.05 4.7 4.1 2.3 1.0 3.65 3.8 1.5 0.75 0.65 0.75 0.8 2.4 3.8 0.1 2.55 4.2 3.25 0.35 4.7 2.5 3.6 1.15 1.2 3.0 0.85 1.4 1.55 2.65 4.55 4.7 4.95 0.6 4.55 0.65 3.2 2.0 4.3 4.5 3.9 2.55 0.55 1.5 1.0 2.7 2.6 3.75 2.7 4.9 4.65 4.2 4.0 2.65 4.1 0.7 0.8 3.85 0.2 0.55 0.2 3.3 1.25 5.0 0.25 0.7 0.4 2.4 2.95 0.4 1.45

