10 

3 

50 

0.4430 0.8451	1.2473  

0 3.5 10.5 15 23 24 27.5 34.5 39 47 48  

1.2473 0.8451 1.2473 0.4430 0.8451 1.2473 0.8451 1.2473 0.4430 0.8451 

1.18 0.52 0.58 1.01 0.67 0.63 1.02 0.21 1.25 0.42 0.34 0.13 0.38 0.37 0.58 1.19 0.44 0.43 0.99 0.85 1.19 0.81 0.51 1.24 1.11 0.45 0.18 0.96 1.05 1.23 0.72 0.43 0.66 1.16 0.32 0.8 1.01 0.42 1.01 1.24 0.25 1.23 0.16 1.07 0.4 0.27 0.21 0.61 1.02 1.11

4.65 2.05 2.3 4.0 2.65 2.5 4.05 0.85 4.95 1.65 1.35 0.5 1.5 1.45 2.3 4.7 1.75 1.7 3.9 3.35 4.7 3.2 2.0 4.9 4.4 1.8 0.7 3.8 4.15 4.85 2.85 1.7 2.6 4.6 1.25 3.15 4.0 1.65 4.0 4.9 1.0 4.85 0.65 4.25 1.6 1.05 0.85 2.4 4.05 4.4

