10 

3 

50 

0.4430 0.8451	1.2473  

0 3.5 10.5 15 23 24 27.5 34.5 39 47 48  

1.2473 0.8451 1.2473 0.4430 0.8451 1.2473 0.8451 1.2473 0.4430 0.8451 

1.06 0.99 1.02 0.01 1.19 0.1 1.24 1.35 1.02 0.95 1.21 0.93 0.69 0.79 0.04 0.28 1.35 0.25 0.16 1.33 0.92 0.24 0.17 1.17 0.86 1.31 1.0 1.31 0.34 0.65 1.23 0.27 1.26 0.03 1.37 0.25 0.14 0.65 0.27 0.11 0.25 0.58 0.14 0.28 1.37 1.19 0.07 1.19 0.41 1.02

3.75 3.5 3.6 0.05 4.2 0.35 4.4 4.8 3.6 3.35 4.3 3.3 2.45 2.8 0.15 1.0 4.8 0.9 0.55 4.7 3.25 0.85 0.6 4.15 3.05 4.65 3.55 4.65 1.2 2.3 4.35 0.95 4.45 0.1 4.85 0.9 0.5 2.3 0.95 0.4 0.9 2.05 0.5 1.0 4.85 4.2 0.25 4.2 1.45 3.6

