10 

3 

50 

0.4430 0.8451	1.2473  

0 3.5 10.5 15 23 24 27.5 34.5 39 47 48  

1.2473 0.8451 1.2473 0.4430 0.8451 1.2473 0.8451 1.2473 0.4430 0.8451 

1.01 0.34 0.99 1.53 1.27 0.53 0.74 1.1 0.08 1.55 0.29 1.07 0.79 0.31 1.39 0.06 0.28 0.32 1.47 1.44 0.74 0.42 0.8 1.24 1.27 0.63 0.39 1.31 0.54 0.53 0.22 0.05 1.21 0.76 0.68 1.45 0.12 1.14 0.12 0.57 0.77 0.37 0.42 0.66 0.87 0.53 0.23 0.91 0.39 0.11

3.25 1.1 3.2 4.95 4.1 1.7 2.4 3.55 0.25 5.0 0.95 3.45 2.55 1.0 4.5 0.2 0.9 1.05 4.75 4.65 2.4 1.35 2.6 4.0 4.1 2.05 1.25 4.25 1.75 1.7 0.7 0.15 3.9 2.45 2.2 4.7 0.4 3.7 0.4 1.85 2.5 1.2 1.35 2.15 2.8 1.7 0.75 2.95 1.25 0.35

