10 

3 

100 

0.4430 0.8451	1.2473  

0 3.5 10.5 15 23 24 27.5 34.5 39 47 48  

1.2473 0.8451 1.2473 0.4430 0.8451 1.2473 0.8451 1.2473 0.4430 0.8451 

0.32 0.58 0.59 0.52 0.15 0.45 0.43 0.11 0.1 0.18 0.38 0.37 0.18 0.08 0.47 0.71 0.43 0.12 0.04 0.1 0.25 0.15 0.2 0.08 0.08 0.13 0.3 0.16 0.61 0.4 0.14 0.1 0.07 0.15 0.18 0.26 0.31 0.56 0.32 0.53 0.43 0.38 0.24 0.28 0.06 0.45 0.45 0.35 0.46 0.66 0.46 0.4 0.35 0.32 0.25 0.74 0.73 0.21 0.75 0.71 0.49 0.65 0.49 0.01 0.04 0.36 0.4 0.09 0.23 0.7 0.71 0.6 0.44 0.44 0.18 0.18 0.58 0.73 0.76 0.02 0.26 0.73 0.18 0.38 0.26 0.25 0.09 0.49 0.27 0.33 0.75 0.65 0.01 0.44 0.55 0.48 0.52 0.21 0.65 0.43

2.05 3.8 3.85 3.35 0.95 2.9 2.8 0.7 0.65 1.15 2.5 2.4 1.2 0.55 3.05 4.65 2.8 0.75 0.25 0.65 1.6 1.0 1.3 0.55 0.55 0.85 1.95 1.05 4.0 2.6 0.9 0.65 0.45 0.95 1.2 1.7 2.0 3.65 2.05 3.45 2.8 2.45 1.55 1.8 0.4 2.9 2.9 2.25 3.0 4.3 3.0 2.6 2.3 2.1 1.65 4.8 4.75 1.35 4.85 4.65 3.2 4.25 3.2 0.05 0.25 2.35 2.6 0.6 1.5 4.55 4.65 3.9 2.85 2.85 1.2 1.15 3.8 4.75 4.95 0.1 1.7 4.75 1.2 2.45 1.7 1.65 0.6 3.2 1.75 2.15 4.85 4.2 0.05 2.85 3.55 3.15 3.4 1.35 4.2 2.8

