10 

3 

75 

0.4430 0.8451	1.2473  

0 3.5 10.5 15 23 24 27.5 34.5 39 47 48  

1.2473 0.8451 1.2473 0.4430 0.8451 1.2473 0.8451 1.2473 0.4430 0.8451 

0.14 0.95 0.73 0.83 0.77 0.77 0.63 0.62 0.53 0.16 0.3 0.62 0.55 0.56 0.58 0.64 0.54 0.96 0.33 0.07 0.04 0.7 0.13 0.24 0.85 0.41 0.02 0.38 0.28 0.9 0.76 0.62 0.03 0.06 0.2 0.31 0.67 0.57 0.13 0.54 0.58 0.14 0.84 0.64 0.05 0.17 0.15 0.96 0.89 0.67 0.46 0.09 0.66 0.96 0.83 0.61 0.84 0.07 0.79 0.52 0.94 0.62 0.14 0.29 0.95 0.02 0.48 0.08 0.4 0.15 0.59 0.08 0.57 0.4 0.38

0.7 4.75 3.65 4.15 3.85 3.85 3.15 3.1 2.65 0.8 1.5 3.1 2.75 2.8 2.9 3.2 2.7 4.8 1.65 0.35 0.2 3.5 0.65 1.2 4.25 2.05 0.1 1.9 1.4 4.5 3.8 3.1 0.15 0.3 1.0 1.55 3.35 2.85 0.65 2.7 2.9 0.7 4.2 3.2 0.25 0.85 0.75 4.8 4.45 3.35 2.3 0.45 3.3 4.8 4.15 3.05 4.2 0.35 3.95 2.6 4.7 3.1 0.7 1.45 4.75 0.1 2.4 0.4 2.0 0.75 2.95 0.4 2.85 2.0 1.9

