10 

3 

75 

0.4430 0.8451	1.2473  

0 3.5 10.5 15 23 24 27.5 34.5 39 47 48  

1.2473 0.8451 1.2473 0.4430 0.8451 1.2473 0.8451 1.2473 0.4430 0.8451 

0.49 0.64 0.14 0.42 0.57 0.55 0.33 0.36 0.13 0.97 0.86 0.41 0.06 0.67 0.35 0.13 0.21 0.95 0.78 0.42 0.23 0.05 0.79 0.45 0.3 0.05 0.48 0.02 0.08 0.25 0.06 0.91 0.66 0.81 0.58 0.75 0.59 0.02 0.37 0.29 0.74 0.81 0.84 0.93 0.7 0.41 0.56 0.07 0.95 0.42 0.39 0.39 0.36 0.5 0.46 0.78 0.22 0.76 0.57 0.22 0.62 0.55 0.35 0.07 0.23 0.67 0.2 0.96 0.72 0.37 0.58 0.39 0.76 0.76 0.5

2.45 3.2 0.7 2.1 2.85 2.75 1.65 1.8 0.65 4.85 4.3 2.05 0.3 3.35 1.75 0.65 1.05 4.75 3.9 2.1 1.15 0.25 3.95 2.25 1.5 0.25 2.4 0.1 0.4 1.25 0.3 4.55 3.3 4.05 2.9 3.75 2.95 0.1 1.85 1.45 3.7 4.05 4.2 4.65 3.5 2.05 2.8 0.35 4.75 2.1 1.95 1.95 1.8 2.5 2.3 3.9 1.1 3.8 2.85 1.1 3.1 2.75 1.75 0.35 1.15 3.35 1.0 4.8 3.6 1.85 2.9 1.95 3.8 3.8 2.5

