10 

3 

50 

0.4430 0.8451	1.2473  

0 3.5 10.5 15 23 24 27.5 34.5 39 47 48  

1.2473 0.8451 1.2473 0.4430 0.8451 1.2473 0.8451 1.2473 0.4430 0.8451 

0.39 0.1 0.07 0.39 0.26 0.68 0.73 1.18 1.32 0.01 1.38 0.62 1.04 0.59 1.22 0.14 0.22 1.29 1.37 1.18 1.34 1.04 0.55 1.34 0.36 0.23 0.26 0.96 0.39 0.7 1.44 0.43 0.76 0.14 1.34 0.59 0.99 1.31 0.72 1.11 0.19 1.12 0.42 1.16 1.29 0.3 0.07 0.24 0.75 0.29

1.35 0.35 0.25 1.35 0.9 2.35 2.55 4.1 4.6 0.05 4.8 2.15 3.6 2.05 4.25 0.5 0.75 4.5 4.75 4.1 4.65 3.6 1.9 4.65 1.25 0.8 0.9 3.35 1.35 2.45 5.0 1.5 2.65 0.5 4.65 2.05 3.45 4.55 2.5 3.85 0.65 3.9 1.45 4.05 4.5 1.05 0.25 0.85 2.6 1.0

