10 

3 

50 

0.4430 0.8451	1.2473  

0 3.5 10.5 15 23 24 27.5 34.5 39 47 48  

1.2473 0.8451 1.2473 0.4430 0.8451 1.2473 0.8451 1.2473 0.4430 0.8451 

0.33 1.14 0.41 0.61 1.11 0.41 1.15 0.9 0.99 0.99 1.18 0.33 0.65 0.08 0.52 0.81 0.84 0.52 0.82 0.85 0.19 0.09 0.66 0.97 0.26 0.62 1.1 1.13 0.8 0.72 0.78 0.35 0.7 0.93 0.98 1.08 0.7 0.68 0.79 0.16 0.46 0.68 1.05 0.45 0.88 0.54 0.99 1.07 0.68 0.85

1.4 4.85 1.75 2.6 4.7 1.75 4.9 3.8 4.2 4.2 5.0 1.4 2.75 0.35 2.2 3.45 3.55 2.2 3.5 3.6 0.8 0.4 2.8 4.1 1.1 2.65 4.65 4.8 3.4 3.05 3.3 1.5 2.95 3.95 4.15 4.6 2.95 2.9 3.35 0.7 1.95 2.9 4.45 1.9 3.75 2.3 4.2 4.55 2.9 3.6

