10 

3 

100 

0.4430 0.8451	1.2473  

0 3.5 10.5 15 23 24 27.5 34.5 39 47 48  

1.2473 0.8451 1.2473 0.4430 0.8451 1.2473 0.8451 1.2473 0.4430 0.8451 

0.39 0.02 0.6 0.24 0.63 0.51 0.56 0.42 0.19 0.14 0.06 0.6 0.1 0.53 0.48 0.64 0.5 0.6 0.52 0.32 0.13 0.63 0.47 0.09 0.07 0.55 0.48 0.56 0.6 0.41 0.06 0.41 0.33 0.13 0.2 0.45 0.49 0.01 0.43 0.6 0.37 0.56 0.66 0.15 0.38 0.63 0.14 0.07 0.65 0.43 0.65 0.51 0.2 0.14 0.27 0.27 0.11 0.53 0.12 0.19 0.45 0.47 0.6 0.53 0.52 0.32 0.54 0.12 0.19 0.03 0.64 0.12 0.37 0.41 0.18 0.13 0.24 0.15 0.67 0.32 0.34 0.41 0.28 0.2 0.56 0.64 0.11 0.2 0.42 0.57 0.46 0.04 0.35 0.16 0.34 0.25 0.56 0.37 0.02 0.53

2.85 0.15 4.45 1.75 4.65 3.75 4.1 3.1 1.4 1.05 0.45 4.4 0.7 3.9 3.5 4.75 3.7 4.45 3.8 2.35 0.95 4.65 3.45 0.65 0.5 4.05 3.55 4.15 4.45 3.05 0.45 3.05 2.4 0.95 1.45 3.35 3.6 0.1 3.2 4.45 2.7 4.15 4.85 1.1 2.8 4.65 1.0 0.55 4.8 3.15 4.8 3.75 1.45 1.05 2.0 2.0 0.8 3.9 0.9 1.4 3.3 3.45 4.4 3.9 3.8 2.35 4.0 0.85 1.4 0.2 4.75 0.9 2.7 3.05 1.35 0.95 1.8 1.1 4.95 2.35 2.5 3.0 2.05 1.45 4.15 4.75 0.8 1.45 3.1 4.2 3.4 0.3 2.55 1.15 2.5 1.85 4.1 2.75 0.15 3.9

