10 

3 

100 

0.4430 0.8451	1.2473  

0 3.5 10.5 15 23 24 27.5 34.5 39 47 48  

1.2473 0.8451 1.2473 0.4430 0.8451 1.2473 0.8451 1.2473 0.4430 0.8451 

0.13 0.4 0.06 0.61 0.08 0.75 0.34 0.04 0.19 0.18 0.45 0.68 0.37 0.18 0.31 0.17 0.41 0.11 0.19 0.09 0.15 0.69 0.36 0.27 0.32 0.68 0.12 0.58 0.54 0.72 0.77 0.24 0.6 0.45 0.34 0.15 0.12 0.4 0.06 0.29 0.65 0.02 0.72 0.18 0.22 0.65 0.33 0.27 0.3 0.33 0.27 0.15 0.77 0.33 0.7 0.23 0.36 0.23 0.18 0.4 0.75 0.47 0.58 0.73 0.2 0.59 0.1 0.62 0.15 0.42 0.5 0.21 0.38 0.64 0.75 0.31 0.74 0.37 0.44 0.47 0.19 0.12 0.29 0.72 0.34 0.17 0.54 0.57 0.1 0.26 0.26 0.09 0.33 0.09 0.15 0.17 0.19 0.1 0.22 0.77

0.85 2.6 0.4 3.9 0.5 4.85 2.2 0.25 1.25 1.15 2.9 4.4 2.4 1.15 2.0 1.1 2.65 0.7 1.2 0.6 0.95 4.45 2.3 1.75 2.05 4.4 0.8 3.75 3.45 4.6 4.95 1.55 3.85 2.9 2.2 0.95 0.75 2.55 0.4 1.85 4.15 0.15 4.65 1.15 1.4 4.2 2.15 1.75 1.9 2.15 1.75 0.95 4.95 2.15 4.5 1.5 2.3 1.45 1.15 2.6 4.8 3.0 3.75 4.7 1.3 3.8 0.65 4.0 0.95 2.7 3.2 1.35 2.45 4.1 4.85 2.0 4.75 2.35 2.8 3.0 1.25 0.75 1.85 4.65 2.2 1.1 3.5 3.65 0.65 1.65 1.65 0.6 2.1 0.55 0.95 1.1 1.25 0.65 1.4 4.95

