10 

3 

100 

0.4430 0.8451	1.2473  

0 3.5 10.5 15 23 24 27.5 34.5 39 47 48  

1.2473 0.8451 1.2473 0.4430 0.8451 1.2473 0.8451 1.2473 0.4430 0.8451 

0.1 0.3 0.15 0.02 0.52 0.22 0.57 0.33 0.67 0.66 0.05 0.12 0.67 0.63 0.07 0.45 0.59 0.47 0.57 0.42 0.04 0.55 0.2 0.15 0.16 0.12 0.65 0.52 0.01 0.61 0.12 0.4 0.31 0.58 0.04 0.59 0.17 0.43 0.25 0.53 0.4 0.33 0.48 0.4 0.41 0.04 0.63 0.35 0.32 0.69 0.48 0.47 0.3 0.17 0.2 0.15 0.72 0.58 0.02 0.66 0.13 0.63 0.26 0.24 0.14 0.43 0.38 0.39 0.32 0.66 0.28 0.27 0.45 0.51 0.48 0.27 0.55 0.02 0.38 0.27 0.06 0.69 0.45 0.65 0.49 0.25 0.59 0.38 0.05 0.51 0.6 0.11 0.56 0.25 0.16 0.09 0.36 0.11 0.04 0.69

0.7 2.05 1.05 0.15 3.6 1.55 3.95 2.3 4.65 4.55 0.35 0.85 4.65 4.35 0.5 3.15 4.1 3.25 3.95 2.9 0.25 3.8 1.4 1.05 1.1 0.8 4.5 3.6 0.05 4.25 0.8 2.8 2.15 4.05 0.3 4.1 1.15 3.0 1.75 3.7 2.8 2.3 3.35 2.8 2.85 0.25 4.35 2.45 2.25 4.75 3.35 3.25 2.05 1.15 1.4 1.05 5.0 4.0 0.15 4.6 0.9 4.35 1.8 1.65 0.95 2.95 2.6 2.7 2.25 4.55 1.95 1.85 3.15 3.55 3.35 1.9 3.8 0.15 2.6 1.85 0.45 4.8 3.15 4.5 3.4 1.75 4.1 2.65 0.35 3.5 4.15 0.75 3.9 1.7 1.1 0.6 2.5 0.75 0.25 4.8

