10 

3 

100 

0.4430 0.8451	1.2473  

0 3.5 10.5 15 23 24 27.5 34.5 39 47 48  

1.2473 0.8451 1.2473 0.4430 0.8451 1.2473 0.8451 1.2473 0.4430 0.8451 

0.04 0.11 0.4 0.54 0.58 0.58 0.68 0.25 0.06 0.59 0.3 0.08 0.15 0.65 0.17 0.66 0.5 0.55 0.63 0.02 0.63 0.37 0.48 0.69 0.08 0.48 0.23 0.26 0.2 0.63 0.72 0.63 0.58 0.34 0.14 0.55 0.54 0.06 0.27 0.35 0.17 0.14 0.51 0.35 0.4 0.36 0.01 0.54 0.32 0.06 0.28 0.1 0.19 0.5 0.57 0.45 0.3 0.34 0.35 0.47 0.43 0.14 0.51 0.22 0.01 0.4 0.17 0.32 0.37 0.38 0.33 0.56 0.5 0.41 0.4 0.7 0.3 0.47 0.45 0.27 0.39 0.71 0.12 0.34 0.09 0.25 0.13 0.04 0.57 0.35 0.4 0.35 0.12 0.63 0.5 0.15 0.33 0.48 0.49 0.04

0.25 0.75 2.8 3.75 4.0 4.0 4.7 1.75 0.45 4.1 2.1 0.55 1.05 4.5 1.15 4.55 3.45 3.8 4.4 0.15 4.35 2.55 3.35 4.8 0.55 3.35 1.6 1.8 1.4 4.35 5.0 4.4 4.0 2.35 0.95 3.8 3.75 0.45 1.85 2.45 1.2 0.95 3.55 2.45 2.75 2.5 0.05 3.75 2.25 0.4 1.95 0.7 1.35 3.45 3.95 3.15 2.1 2.35 2.4 3.25 3.0 0.95 3.55 1.55 0.05 2.8 1.15 2.2 2.55 2.6 2.3 3.9 3.45 2.85 2.75 4.85 2.1 3.25 3.1 1.85 2.7 4.95 0.85 2.35 0.6 1.7 0.9 0.3 3.95 2.4 2.8 2.45 0.85 4.35 3.45 1.05 2.3 3.3 3.4 0.3

