10 

3 

50 

0.4430 0.8451	1.2473  

0 3.5 10.5 15 23 24 27.5 34.5 39 47 48  

1.2473 0.8451 1.2473 0.4430 0.8451 1.2473 0.8451 1.2473 0.4430 0.8451 

1.11 0.29 0.1 1.59 0.8 0.3 1.09 0.75 0.29 0.59 0.38 0.45 0.11 0.93 1.19 0.72 0.69 0.18 1.09 0.95 0.13 0.14 0.37 0.24 1.44 1.52 0.91 1.2 1.27 0.45 0.16 0.21 1.04 0.99 1.22 0.79 0.05 0.61 0.85 1.09 0.85 1.17 0.1 0.93 1.12 1.07 0.82 1.12 0.34 0.19

3.45 0.9 0.3 4.95 2.5 0.95 3.4 2.35 0.9 1.85 1.2 1.4 0.35 2.9 3.7 2.25 2.15 0.55 3.4 2.95 0.4 0.45 1.15 0.75 4.5 4.75 2.85 3.75 3.95 1.4 0.5 0.65 3.25 3.1 3.8 2.45 0.15 1.9 2.65 3.4 2.65 3.65 0.3 2.9 3.5 3.35 2.55 3.5 1.05 0.6

