10 

3 

75 

0.4430 0.8451	1.2473  

0 3.5 10.5 15 23 24 27.5 34.5 39 47 48  

1.2473 0.8451 1.2473 0.4430 0.8451 1.2473 0.8451 1.2473 0.4430 0.8451 

0.06 0.01 0.86 0.13 0.32 0.83 0.57 0.41 0.82 0.12 0.02 0.85 0.01 0.4 0.75 0.58 0.75 0.51 0.28 0.8 0.85 0.03 0.8 0.37 0.65 0.08 0.8 0.87 0.33 0.63 0.53 0.02 0.78 0.79 0.37 0.67 0.22 0.76 0.44 0.51 0.59 0.72 0.41 0.71 0.27 0.62 0.43 0.58 0.18 0.36 0.71 0.23 0.36 0.1 0.43 0.44 0.15 0.55 0.56 0.31 0.8 0.35 0.31 0.7 0.82 0.36 0.09 0.52 0.28 0.1 0.58 0.71 0.8 0.65 0.65

0.35 0.05 4.95 0.75 1.85 4.75 3.25 2.35 4.7 0.7 0.1 4.85 0.05 2.3 4.3 3.35 4.3 2.95 1.6 4.6 4.9 0.15 4.6 2.15 3.75 0.45 4.6 5.0 1.9 3.6 3.05 0.1 4.5 4.55 2.1 3.85 1.25 4.35 2.5 2.95 3.4 4.15 2.35 4.05 1.55 3.55 2.45 3.3 1.05 2.05 4.05 1.3 2.05 0.6 2.45 2.5 0.85 3.15 3.2 1.75 4.6 2.0 1.75 4.0 4.7 2.05 0.5 3.0 1.6 0.6 3.35 4.05 4.6 3.75 3.75

