10 

3 

100 

0.4430 0.8451	1.2473  

0 3.5 10.5 15 23 24 27.5 34.5 39 47 48  

1.2473 0.8451 1.2473 0.4430 0.8451 1.2473 0.8451 1.2473 0.4430 0.8451 

0.51 0.24 0.47 0.04 0.71 0.25 0.69 0.29 0.02 0.7 0.55 0.46 0.72 0.25 0.12 0.35 0.13 0.67 0.27 0.27 0.3 0.5 0.52 0.36 0.64 0.01 0.31 0.03 0.72 0.15 0.37 0.37 0.44 0.22 0.53 0.62 0.16 0.33 0.4 0.37 0.08 0.7 0.36 0.34 0.7 0.29 0.72 0.24 0.4 0.05 0.5 0.28 0.37 0.53 0.5 0.74 0.61 0.35 0.21 0.01 0.24 0.45 0.53 0.5 0.39 0.56 0.22 0.51 0.01 0.42 0.15 0.69 0.64 0.13 0.16 0.52 0.19 0.55 0.47 0.16 0.53 0.47 0.14 0.19 0.52 0.66 0.07 0.1 0.39 0.31 0.01 0.5 0.1 0.22 0.06 0.24 0.07 0.23 0.44 0.2

3.45 1.65 3.15 0.25 4.8 1.7 4.65 1.95 0.15 4.75 3.7 3.1 4.85 1.7 0.8 2.35 0.9 4.55 1.8 1.85 2.0 3.4 3.5 2.4 4.3 0.1 2.1 0.2 4.85 1.0 2.5 2.5 3.0 1.5 3.55 4.2 1.05 2.25 2.7 2.5 0.55 4.75 2.4 2.3 4.75 1.95 4.85 1.6 2.7 0.35 3.35 1.9 2.5 3.6 3.4 5.0 4.1 2.35 1.4 0.05 1.65 3.05 3.6 3.4 2.6 3.75 1.45 3.45 0.1 2.8 1.0 4.65 4.3 0.85 1.1 3.5 1.25 3.7 3.15 1.1 3.6 3.2 0.95 1.25 3.5 4.45 0.45 0.7 2.6 2.1 0.05 3.35 0.65 1.45 0.4 1.65 0.45 1.55 3.0 1.35

