10 

3 

75 

0.4430 0.8451	1.2473  

0 3.5 10.5 15 23 24 27.5 34.5 39 47 48  

1.2473 0.8451 1.2473 0.4430 0.8451 1.2473 0.8451 1.2473 0.4430 0.8451 

0.49 0.73 0.35 0.52 0.2 0.94 0.72 0.06 0.23 0.79 0.82 0.97 0.35 0.5 0.47 0.93 0.96 0.46 0.7 0.07 0.73 0.71 0.48 0.58 0.53 0.68 0.64 0.11 0.08 0.21 0.32 0.05 0.16 0.72 0.57 0.76 0.62 0.14 0.01 0.04 0.58 0.92 0.09 0.63 0.09 0.6 0.76 0.63 0.91 0.56 0.43 0.18 0.29 0.52 0.65 0.42 0.78 0.91 0.32 0.59 0.24 0.07 0.05 0.54 0.88 0.17 0.27 0.75 0.38 0.09 0.57 0.76 0.12 0.85 0.04

2.5 3.7 1.8 2.65 1.0 4.75 3.65 0.3 1.15 4.0 4.15 4.95 1.8 2.55 2.4 4.7 4.85 2.35 3.55 0.35 3.7 3.6 2.45 2.95 2.7 3.45 3.25 0.55 0.4 1.05 1.65 0.25 0.8 3.65 2.9 3.85 3.15 0.7 0.05 0.2 2.95 4.65 0.45 3.2 0.45 3.05 3.85 3.2 4.6 2.85 2.2 0.9 1.45 2.65 3.3 2.15 3.95 4.6 1.65 3.0 1.2 0.35 0.25 2.75 4.45 0.85 1.35 3.8 1.95 0.45 2.9 3.85 0.6 4.3 0.2

