10 

3 

50 

0.4430 0.8451	1.2473  

0 3.5 10.5 15 23 24 27.5 34.5 39 47 48  

1.2473 0.8451 1.2473 0.4430 0.8451 1.2473 0.8451 1.2473 0.4430 0.8451 

1.1 0.12 0.48 0.82 1.24 0.98 1.04 0.81 0.29 0.78 1.04 0.6 0.66 0.51 0.27 0.57 1.03 1.19 1.03 0.89 1.17 1.03 0.43 0.91 0.76 1.04 0.55 0.87 0.91 1.11 0.59 0.56 0.14 0.72 0.82 0.78 0.44 0.95 0.37 0.04 0.13 0.99 1.2 0.69 0.1 1.11 0.64 0.08 0.27 1.13

4.2 0.45 1.85 3.15 4.75 3.75 4.0 3.1 1.1 3.0 4.0 2.3 2.55 1.95 1.05 2.2 3.95 4.55 3.95 3.4 4.5 3.95 1.65 3.5 2.9 4.0 2.1 3.35 3.5 4.25 2.25 2.15 0.55 2.75 3.15 3.0 1.7 3.65 1.4 0.15 0.5 3.8 4.6 2.65 0.4 4.25 2.45 0.3 1.05 4.35

