10 

3 

50 

0.4430 0.8451	1.2473  

0 3.5 10.5 15 23 24 27.5 34.5 39 47 48  

1.2473 0.8451 1.2473 0.4430 0.8451 1.2473 0.8451 1.2473 0.4430 0.8451 

0.7 0.94 0.75 0.22 0.84 1.45 1.16 1.57 0.05 0.49 1.27 0.4 0.97 0.7 0.81 0.14 0.68 0.33 1.1 0.65 0.3 0.22 0.73 0.49 0.7 0.51 1.54 0.38 0.56 0.78 1.03 1.29 0.3 0.17 1.48 1.26 0.81 0.68 0.17 0.22 1.21 0.89 0.52 0.05 1.57 0.41 0.14 0.75 1.3 0.25

2.2 2.95 2.35 0.7 2.65 4.55 3.65 4.95 0.15 1.55 4.0 1.25 3.05 2.2 2.55 0.45 2.15 1.05 3.45 2.05 0.95 0.7 2.3 1.55 2.2 1.6 4.85 1.2 1.75 2.45 3.25 4.05 0.95 0.55 4.65 3.95 2.55 2.15 0.55 0.7 3.8 2.8 1.65 0.15 4.95 1.3 0.45 2.35 4.1 0.8

