10 

3 

75 

0.4430 0.8451	1.2473  

0 3.5 10.5 15 23 24 27.5 34.5 39 47 48  

1.2473 0.8451 1.2473 0.4430 0.8451 1.2473 0.8451 1.2473 0.4430 0.8451 

0.01 0.38 0.61 0.66 0.01 0.87 0.63 0.04 0.79 0.76 0.95 0.32 0.88 0.19 0.76 0.71 0.21 0.41 0.56 0.4 0.22 0.8 0.65 0.58 0.36 0.28 0.58 0.39 0.06 0.39 0.83 0.7 0.73 0.13 0.47 0.44 0.09 0.24 0.71 0.7 0.11 0.6 0.03 0.05 0.54 0.86 0.91 0.28 0.92 0.9 0.59 0.18 0.2 0.03 0.26 0.58 0.2 0.49 0.62 0.3 0.49 0.89 0.74 0.61 0.12 0.68 0.13 0.54 0.26 0.67 0.32 0.8 0.94 0.61 0.03

0.05 2.0 3.2 3.45 0.05 4.55 3.3 0.2 4.1 3.95 4.95 1.65 4.6 1.0 3.95 3.7 1.1 2.15 2.9 2.1 1.15 4.15 3.4 3.0 1.85 1.45 3.0 2.05 0.3 2.05 4.35 3.65 3.8 0.7 2.45 2.3 0.45 1.25 3.7 3.65 0.55 3.15 0.15 0.25 2.8 4.5 4.75 1.45 4.8 4.7 3.05 0.95 1.05 0.15 1.35 3.0 1.05 2.55 3.25 1.55 2.55 4.65 3.85 3.2 0.65 3.55 0.7 2.8 1.35 3.5 1.65 4.15 4.9 3.2 0.15

