10 

3 

100 

0.4430 0.8451	1.2473  

0 3.5 10.5 15 23 24 27.5 34.5 39 47 48  

1.2473 0.8451 1.2473 0.4430 0.8451 1.2473 0.8451 1.2473 0.4430 0.8451 

0.35 0.46 0.53 0.42 0.43 0.07 0.58 0.07 0.01 0.63 0.06 0.45 0.38 0.38 0.5 0.55 0.12 0.55 0.24 0.36 0.57 0.23 0.01 0.4 0.53 0.37 0.52 0.29 0.57 0.1 0.44 0.35 0.5 0.43 0.41 0.07 0.48 0.47 0.57 0.44 0.25 0.64 0.33 0.1 0.07 0.52 0.1 0.61 0.27 0.02 0.65 0.38 0.18 0.35 0.1 0.65 0.61 0.59 0.15 0.53 0.54 0.18 0.28 0.33 0.53 0.01 0.38 0.51 0.17 0.63 0.03 0.3 0.62 0.19 0.47 0.64 0.42 0.59 0.53 0.22 0.23 0.4 0.63 0.43 0.17 0.62 0.43 0.44 0.06 0.02 0.23 0.61 0.57 0.13 0.15 0.07 0.42 0.48 0.08 0.28

2.65 3.55 4.1 3.25 3.3 0.55 4.45 0.5 0.1 4.8 0.45 3.45 2.95 2.95 3.8 4.2 0.9 4.25 1.85 2.8 4.4 1.75 0.1 3.05 4.1 2.85 4.0 2.2 4.35 0.75 3.35 2.65 3.85 3.3 3.15 0.5 3.65 3.6 4.35 3.35 1.95 4.9 2.55 0.8 0.5 4.0 0.75 4.65 2.1 0.15 5.0 2.95 1.4 2.7 0.75 4.95 4.7 4.55 1.15 4.1 4.15 1.4 2.15 2.5 4.05 0.05 2.95 3.95 1.3 4.85 0.2 2.3 4.75 1.45 3.6 4.9 3.25 4.55 4.05 1.65 1.8 3.05 4.8 3.3 1.3 4.75 3.3 3.35 0.45 0.15 1.75 4.7 4.4 1.0 1.15 0.5 3.2 3.7 0.6 2.15

