10 

3 

50 

0.4430 0.8451	1.2473  

0 3.5 10.5 15 23 24 27.5 34.5 39 47 48  

1.2473 0.8451 1.2473 0.4430 0.8451 1.2473 0.8451 1.2473 0.4430 0.8451 

1.11 1.0 1.2 0.73 0.98 0.32 1.01 0.96 1.14 0.95 1.06 0.11 0.59 1.05 0.96 0.24 0.2 0.56 0.75 0.45 0.09 1.12 0.96 0.08 0.34 0.39 1.17 0.4 0.95 0.73 0.83 0.23 1.12 0.49 1.06 0.8 1.2 1.2 0.19 0.81 1.12 0.51 0.48 0.01 1.14 1.09 0.87 0.04 0.52 0.69

4.4 3.95 4.75 2.9 3.9 1.25 4.0 3.8 4.5 3.75 4.2 0.45 2.35 4.15 3.8 0.95 0.8 2.2 2.95 1.8 0.35 4.45 3.8 0.3 1.35 1.55 4.65 1.6 3.75 2.9 3.3 0.9 4.45 1.95 4.2 3.15 4.75 4.75 0.75 3.2 4.45 2.0 1.9 0.05 4.5 4.3 3.45 0.15 2.05 2.75

