10 

3 

50 

0.4430 0.8451	1.2473  

0 3.5 10.5 15 23 24 27.5 34.5 39 47 48  

1.2473 0.8451 1.2473 0.4430 0.8451 1.2473 0.8451 1.2473 0.4430 0.8451 

1.3 0.42 0.32 1.23 0.99 1.18 0.9 0.11 1.41 0.51 0.28 1.36 0.92 0.26 0.53 0.92 0.92 0.25 1.02 0.41 1.6 0.28 0.16 1.37 0.85 0.58 0.32 0.48 0.11 0.58 1.02 1.41 0.14 0.07 1.2 1.48 1.13 0.58 0.26 1.5 0.92 0.44 0.14 1.15 0.95 0.99 0.51 0.37 0.14 0.05

3.7 1.2 0.9 3.5 2.8 3.35 2.55 0.3 4.0 1.45 0.8 3.85 2.6 0.75 1.5 2.6 2.6 0.7 2.9 1.15 4.55 0.8 0.45 3.9 2.4 1.65 0.9 1.35 0.3 1.65 2.9 4.0 0.4 0.2 3.4 4.2 3.2 1.65 0.75 4.25 2.6 1.25 0.4 3.25 2.7 2.8 1.45 1.05 0.4 0.15

