10 

3 

100 

0.4430 0.8451	1.2473  

0 3.5 10.5 15 23 24 27.5 34.5 39 47 48  

1.2473 0.8451 1.2473 0.4430 0.8451 1.2473 0.8451 1.2473 0.4430 0.8451 

0.65 0.6 0.22 0.37 0.4 0.53 0.26 0.35 0.05 0.64 0.58 0.65 0.14 0.64 0.46 0.12 0.03 0.3 0.24 0.57 0.65 0.64 0.58 0.39 0.58 0.6 0.5 0.15 0.56 0.39 0.16 0.04 0.44 0.58 0.35 0.36 0.24 0.54 0.25 0.57 0.43 0.3 0.58 0.04 0.39 0.27 0.54 0.15 0.48 0.07 0.2 0.25 0.46 0.01 0.41 0.09 0.6 0.38 0.19 0.39 0.34 0.33 0.25 0.58 0.53 0.46 0.25 0.58 0.6 0.01 0.03 0.1 0.45 0.04 0.17 0.15 0.03 0.19 0.66 0.16 0.55 0.11 0.07 0.02 0.5 0.28 0.59 0.54 0.52 0.56 0.01 0.15 0.66 0.63 0.09 0.37 0.36 0.62 0.55 0.29

4.85 4.45 1.65 2.8 3.0 3.95 1.95 2.65 0.4 4.8 4.3 4.85 1.05 4.75 3.45 0.9 0.25 2.25 1.8 4.25 4.85 4.8 4.35 2.95 4.3 4.5 3.7 1.1 4.2 2.9 1.2 0.3 3.3 4.3 2.65 2.7 1.8 4.05 1.85 4.25 3.2 2.25 4.35 0.3 2.95 2.0 4.0 1.1 3.55 0.5 1.5 1.85 3.4 0.05 3.05 0.7 4.5 2.85 1.45 2.95 2.55 2.45 1.9 4.35 3.95 3.4 1.9 4.35 4.5 0.1 0.2 0.75 3.35 0.3 1.25 1.15 0.25 1.45 4.95 1.2 4.1 0.85 0.5 0.15 3.75 2.1 4.4 4.0 3.9 4.15 0.05 1.15 4.95 4.7 0.65 2.8 2.7 4.6 4.1 2.2

