10 

3 

75 

0.4430 0.8451	1.2473  

0 3.5 10.5 15 23 24 27.5 34.5 39 47 48  

1.2473 0.8451 1.2473 0.4430 0.8451 1.2473 0.8451 1.2473 0.4430 0.8451 

0.05 0.73 0.16 0.15 0.75 0.91 0.2 0.77 0.31 0.04 0.23 0.03 0.92 0.11 0.69 0.96 0.88 0.97 0.82 0.8 0.68 0.6 0.61 0.6 0.27 0.68 0.51 0.15 0.51 0.38 0.91 0.6 0.32 0.36 0.18 0.96 0.8 0.12 0.34 0.19 0.15 0.56 0.81 0.11 0.07 0.93 0.73 0.65 0.05 0.68 0.01 0.18 0.06 0.36 0.42 0.24 0.3 0.19 0.32 0.2 0.8 0.58 0.42 0.94 0.67 0.93 0.49 0.31 0.36 0.75 0.51 0.23 0.08 0.84 0.88

0.25 3.75 0.8 0.75 3.85 4.65 1.0 3.95 1.6 0.2 1.2 0.15 4.7 0.55 3.55 4.9 4.5 4.95 4.2 4.1 3.5 3.05 3.1 3.05 1.4 3.5 2.6 0.75 2.6 1.95 4.65 3.05 1.65 1.85 0.9 4.9 4.1 0.6 1.75 0.95 0.75 2.85 4.15 0.55 0.35 4.75 3.75 3.35 0.25 3.5 0.05 0.9 0.3 1.85 2.15 1.25 1.55 0.95 1.65 1.05 4.1 2.95 2.15 4.8 3.45 4.75 2.5 1.6 1.85 3.85 2.6 1.2 0.4 4.3 4.5

