10 

3 

50 

0.4430 0.8451	1.2473  

0 3.5 10.5 15 23 24 27.5 34.5 39 47 48  

1.2473 0.8451 1.2473 0.4430 0.8451 1.2473 0.8451 1.2473 0.4430 0.8451 

0.94 1.09 0.42 0.88 1.19 0.42 0.88 0.3 0.86 1.1 0.36 0.99 0.57 0.95 0.92 1.04 0.57 0.19 1.11 1.18 0.04 0.73 0.5 0.11 0.05 0.95 0.18 0.81 1.09 0.82 0.86 0.45 0.52 0.36 1.01 0.87 0.63 1.07 0.49 0.48 0.37 0.11 1.15 1.13 0.95 1.0 1.07 0.11 0.99 1.13

3.95 4.55 1.75 3.7 5.0 1.75 3.7 1.25 3.6 4.6 1.5 4.15 2.4 4.0 3.85 4.35 2.4 0.8 4.65 4.95 0.15 3.05 2.1 0.45 0.2 4.0 0.75 3.4 4.55 3.45 3.6 1.9 2.2 1.5 4.25 3.65 2.65 4.5 2.05 2.0 1.55 0.45 4.8 4.75 4.0 4.2 4.5 0.45 4.15 4.75

