10 

3 

75 

0.4430 0.8451	1.2473  

0 3.5 10.5 15 23 24 27.5 34.5 39 47 48  

1.2473 0.8451 1.2473 0.4430 0.8451 1.2473 0.8451 1.2473 0.4430 0.8451 

0.12 0.32 0.92 0.62 0.02 0.8 0.4 0.16 0.19 0.88 0.17 0.54 0.17 0.64 0.66 0.35 0.37 0.55 0.81 0.19 0.25 0.82 0.46 0.83 0.25 0.73 0.87 0.71 0.37 0.28 0.8 0.4 0.46 0.87 0.11 0.47 0.94 0.58 0.08 0.54 0.72 0.59 0.39 0.47 0.79 0.34 0.2 0.85 0.93 0.87 0.48 0.35 0.93 0.16 0.23 0.56 0.57 0.35 0.82 0.4 0.31 0.36 0.1 0.23 0.54 0.21 0.42 0.64 0.46 0.02 0.01 0.44 0.73 0.77 0.02

0.65 1.65 4.8 3.25 0.1 4.15 2.1 0.85 1.0 4.6 0.9 2.8 0.9 3.35 3.45 1.85 1.95 2.85 4.25 1.0 1.3 4.3 2.4 4.35 1.3 3.8 4.55 3.7 1.95 1.45 4.15 2.1 2.4 4.55 0.6 2.45 4.9 3.05 0.4 2.8 3.75 3.1 2.05 2.45 4.1 1.75 1.05 4.45 4.85 4.55 2.5 1.85 4.85 0.85 1.2 2.9 3.0 1.85 4.3 2.1 1.6 1.9 0.5 1.2 2.8 1.1 2.2 3.35 2.4 0.1 0.05 2.3 3.8 4.0 0.1

