10 

3 

75 

0.4430 0.8451	1.2473  

0 3.5 10.5 15 23 24 27.5 34.5 39 47 48  

1.2473 0.8451 1.2473 0.4430 0.8451 1.2473 0.8451 1.2473 0.4430 0.8451 

0.89 0.02 0.76 0.37 0.2 0.22 0.41 0.2 0.06 0.13 0.25 0.9 0.31 0.83 0.67 0.03 0.92 0.41 0.32 0.35 0.35 0.68 0.45 0.79 0.45 0.59 0.52 0.44 0.34 0.03 0.52 0.09 0.95 0.09 0.52 0.92 0.64 0.37 0.44 0.01 0.72 0.18 0.45 0.91 0.37 0.79 0.46 0.96 0.49 0.23 0.69 0.39 0.29 0.73 0.66 0.8 0.11 0.6 0.23 0.91 0.78 0.22 0.95 0.29 0.78 0.76 0.18 0.1 0.27 0.09 0.89 0.76 0.47 0.62 0.43

4.6 0.1 3.95 1.9 1.05 1.15 2.1 1.05 0.3 0.65 1.3 4.65 1.6 4.3 3.45 0.15 4.75 2.1 1.65 1.8 1.8 3.5 2.3 4.1 2.35 3.05 2.7 2.25 1.75 0.15 2.7 0.45 4.9 0.45 2.7 4.75 3.3 1.9 2.25 0.05 3.7 0.95 2.35 4.7 1.9 4.1 2.4 4.95 2.55 1.2 3.55 2.0 1.5 3.75 3.4 4.15 0.55 3.1 1.2 4.7 4.05 1.15 4.9 1.5 4.05 3.95 0.95 0.5 1.4 0.45 4.6 3.95 2.45 3.2 2.2

